1 2 3 4 5 6 7 8 9 10 11 12 16 18 19 20 21 22 23 24
25 26 27 28 29 30 31 33 34 35 36 37 38 39 40 41 42 43 44 45 46 47 48
49 50 51 52 55 56 57 58 59 60 61 62 63 64 65 66 67 68 69 70 71 72
73 74 75 76 77 78 79 80 81 82 83 84 85 86 62 87 64 88 89 90 91 92 93 94 95
96 97 98 101 102 103 106 107 41 108 109 110 111 112 113 114 115
116 117 118 119 120 121 122 123 124 125 126 127 128 129 130 131 132 41 42 133 134 135 136 137 138 139 140
141 142 143 144 145 146 147 148 149 150 151 152 153 154 155 156 157 41 158 20 159 160 161 162
166 170 171 172 173 174 175 176 177 178 179 111 180 181 182 183
184 185 186 187 188 189 102 190 191 192 196 197 198 199 68 200 201 70 71
204 206 207 210 211 212 213 214 18 176 215 216 217 219 220
221 222 223 224 226 227 228 229 231 233 234 87 235 236 237 238 68 239 240 241 242
243 244 245 246 247 248 249 250 251 252 259 41 196 197 261 199 111 262 263 264
184 266 267 269 270 271 103 272 273 275 276 277 278 279 87 235 281 282 283 111 284 285 286 287
288 289 290 291 292 293 294 295 296 297 298 299 300 87 301 302 303 304 20 305 306 308
309 310 312 313 314 315 228 316 317 318 319 320 321 322 87 64 323 111 326 327 328 329
330 331 332 333 334 335 337 338 340 341 343 346 347 42 348 349 350 111 351 352 353 354
355 356 357 358 359 360 361 362 363 364 365 366 367 368 63 370 91 371 372 95 373
288 374 375 376 315 377 378 379 380 381 382 383 107 63 42 384 385 386 136 387 388 389 390
391 392 393 394 395 397 398 399 400 401 402 403 404 405 407 408 409 410 91 411 412 413 414
415 416 417 418 419 420 421 422 423 424 425 426 427 428 429 430 64 431 432 217 20 433 434 435 436
437 187 188 189 438 439 440 441 444 445 87 235 447 448 135 136 449 450 451 452
453 454 455 456 457 459 460 461 462 463 466 467 468 469 470 471 472 473 91 180 474 219
453 454 455 476 477 478 293 479 480 481 482 483 484 39 485 18 301 486 487 67 136 112 488 489 490
1 2 3 491 492 493 421 495 259 497 63 64 498 499 91 239 500 501 502
503 504 505 506 507 508 509 59 514 515 87 407 516 517 90 91 518 519 520 521
522 523 524 525 526 527 459 529 530 531 533 534 535 196 536 537 238 20 538 539 540 541
243 542 246 544 545 546 547 548 553 554 555 429 556 63 301 302 303 557 111 558 559 560
562 563 564 565 423 567 571 467 572 573 41 42 575 576 577 136 578 579 580 581
582 583 584 585 586 587 588 589 590 591 592 593 594 595 402 596 556 597 535 235 598 599 199 68 600 601 602 603
606 607 477 6 608 609 616 618 18 158 91 620 621 622 623
625 563 627 293 628 629 630 632 531 633 634 87 176 635 636 111 637 638 639 640
641 642 643 644 645 646 647 648 59 60 649 650 63 301 651 652 19 111 653 654 655 656
657 658 659 660 661 252 663 664 665 666 667 668 63 669 670 671 672 91 387 673 581 674
675 676 677 678 679 250 251 252 680 681 682 683 684 41 407 685 686 304 687 688 689
330 692 292 693 694 698 699 701 702 63 64 323 703 136 704 705 601
707 708 28 29 30 147 709 56 710 711 713 20 715 716 717
719 720 721 722 723 724 726 728 731 732 535 108 733 734 217 111 735 22 736 737
330 331 332 738 544 739 740 741 742 743 744 745 746 747 748 749 750 751 87 301 752 753 754 136 755 756 757 758
759 760 761 395 763 227 766 767 745 746 58 768 769 770 771 63 669 772 773 774 20 715 756 757 775
776 777 778 779 780 781 782 783 784 785 786 787 788 789 790 63 196 216 791 111 20 792 793 794
795 796 797 798 799 147 801 803 804 805 807 41 64 808 809 810 136 137 811 23
815 816 817 565 818 819 820 821 822 823 156 824 41 471 825 826 304 91 827 828 829 830
831 832 833 677 835 293 836 837 838 842 843 844 845 846 535 196 216 847 672 20 848 849 850 851
852 853 854 855 856 857 859 860 861 862 863 864 865 866 87 669 670 671 135 111 867 868 869 436
870 871 872 797 798 799 873 874 875 876 877 878 879 880 881 882 883 535 136 867 884 885 886
887 888 889 893 896 897 898 899 900 882 535 669 772 773 386 68 901 902 903 904
905 906 907 908 909 188 910 228 911 912 913 914 915 425 426 427 916 917 87 196 918 919 557 136 653 920 921 603
922 923 562 926 927 819 929 930 931 932 933 934 87 196 918 935 810 20 936 937 938 939
942 815 816 817 943 56 944 945 946 947 948 949 87 471 178 950 135 136 159 951 952 603
707 708 953 313 314 228 955 957 426 958 131 132 87 176 959 960 111 68 961 962 963
964 965 969 970 56 971 974 975 976 977 845 41 176 959 960 350 91 112 979 980 849
437 981 982 855 856 857 984 985 986 987 988 990 991 992 993 994 87 108 995 996 45 136 997 998 999 952
25 26 27 335 227 1006 1007 1008 1009 63 42 1010 158 68 1012 1014 1015
1016 1017 907 1018 1021 1022 911 1023 428 429 63 301 1025 1026 1027 91 997 502 1028
759 760 761 1030 1033 1034 1035 1038 1039 618 1043 87 196 197 261 20 1044 952 1045 1046
1047 1048 1049 312 313 314 227 1050 1051 1052 1053 1054 1056 1057 1058 429 1059 18 407 1060 1061 136 1062 1063 1064 1065
1066 1067 1068 1069 1070 1071 1072 1073 1074 711 131 1076 87 42 1077 1078 304 68 558 1079 1080 1081
1082 1083 1084 565 1086 57 1087 1089 1092 770 771 41 176 959 960 136 1093 758 1095
641 642 643 1096 207 1098 1100 401 1101 1102 1103 535 42 1105 1106 19 111 1107 868 1108 1109
719 720 1110 1111 1112 1113 1114 1115 1116 170 171 172 1117 1118 41 557 20 1093 70 1119 1120
49 50 51 52 1121 55 56 57 58 59 60 1122 771 63 669 1123 1124 67 68 69 70 71 72
1125 1126 1127 779 1128 207 1129 1130 1131 1132 1133 769 1134 1135 176 1137 1138 158 68 305 1139 539 1140
1141 1142 1143 1144 1145 249 251 1146 1147 1148 1149 1150 1151 1152 41 407 1153 1154 557 111 1155 1156 1158
1159 1160 1161 1162 1163 1164 1166 1167 1168 1172 1173 1174 1175 1176 63 301 486 386 136 449 1179 1180
562 563 564 1181 1182 1183 1184 1188 1189 1190 770 1191 87 235 1192 1193 386 111 1155 1194 1139 1195
1196 1197 1198 1199 1200 1201 79 1202 1203 1204 1205 1206 1207 233 1208 42 1210 1211 67 68 1212 1213 1214 1215
1216 1217 1218 1127 779 1128 1219 1220 56 710 1221 1222 1223 59 60 713 1224 87 471 1225 1226 410 20 1227 1228 1229 1230
887 888 889 1231 335 1232 1233 1237 1238 1239 156 1240 175 754 111 1241 95 373
1243 1244 1245 1248 293 1249 1250 1251 987 1252 1253 1254 1255 1257 1258 41 669 1123 1124 1259 91 1260 1262 1263
1218 1264 1265 1266 1267 1268 1269 1270 1271 1272 36 37 38 683 684 41 407 960 1276 45 136 1277 1278 1279 1280
522 523 1281 1282 456 1283 1284 1285 911 766 1286 1287 1288 87 471 1291 1292 19 111 848 1293 1294 1295
1296 1297 1127 779 1128 122 1298 1299 1300 1301 1302 1303 1304 1305 63 42 1105 1306 1027 136 518 1307 1308 1309
1216 1310 26 1313 102 984 985 986 1314 1315 1316 1317 1318 535 407 960 1276 386 68 137 1319 1320 1321
141 142 143 1322 1326 56 57 1330 1333 16 535 108 1334 1335 1336 20 1337 1338 1339 413
1340 719 1341 418 334 1342 315 1250 1344 1345 844 401 1346 1347 87 235 236 1348 1027 20 1349 1350 1308
1352 1353 248 1354 1355 1356 1357 974 1358 1359 1360 1361 1362 1363 1364 87 301 1365 1366 91 68 1367 869 623
1218 1370 1371 121 694 1372 1373 1374 1375 1376 1377 1378 1379 87 64 498 1380 672 136 411 1381 1382 1383
1384 1385 1386 1387 477 6 102 1388 1389 1390 1391 1392 1393 63 64 1399 1400 386 68 1401 1402 1403 1404
1406 4 1408 1409 227 1410 1411 1412 1413 1414 1415 299 1416 238 136 867 93 94 95
116 117 118 119 120 121 227 123 124 125 126 127 128 129 130 131 132 41 42 133 134 135 136 137 138 139 140
1417 1418 1419 1420 1069 1070 1421 1422 1423 1424 1425 975 1426 1427 429 535 471 1428 1429 754 111 1430 952 352 1431
1432 1434 1162 1163 1164 782 1435 1439 1441 1442 1443 1444 1445 87 64 1446 1447 68 1448 1449 1451
1452 1453 1454 1455 1456 1457 1458 1459 1460 1461 1462 1463 1464 845 1465 196 536 537 557 68 936 1467 93 886
1468 310 1469 1470 493 1471 102 709 56 710 1472 1473 1474 1475 1206 916 917 63 301 486 487 774 20 578 903 1477 1339
1478 50 51 1127 779 1128 873 123 836 1479 1480 1481 1482 934 1483 64 431 1484 91 411 736 1485 1486
437 981 982 525 56 57 1490 1491 1492 1493 1494 1495 63 42 384 385 135 20 1241 1064 1496
1498 1499 1500 1501 1502 1503 1504 1506 1507 1508 1509 1510 1511 1512 18 301 752 753 410 136 1277 285 1514
1159 1160 1161 1515 1516 1517 1518 1519 836 440 957 426 958 156 1240 87 669 1520 1521 386 20 1522 1523 1524 1525
1526 1527 1528 1529 1530 1531 122 1534 1535 768 1537 1538 18 176 215 1539 672 136 1540 638 1541 1542
1543 1434 643 1544 1545 291 508 1546 1547 1506 87 196 536 537 199 68 1241 1548 1549 1542
1550 1551 187 188 189 1552 1553 726 929 1554 745 1555 1556 1557 1558 882 87 42 133 134 19 91 1448 1560 1561 1562
1563 1564 1127 779 1128 565 1565 1566 1568 1569 1570 1571 1572 63 669 1573 1574 672 111 558 1576 1577
437 1578 1579 1580 1581 1582 102 1583 1584 1086 1587 1588 1589 1590 1591 535 557 20 1593 1594 1595 1596
1597 1598 1599 1269 1603 1606 1607 1608 1609 87 407 1611 1612 135 20 20 1613 1615
437 981 982 1616 1617 661 1618 1619 1621 1148 1624 1415 713 535 108 1626 1627 304 68 1540 1628 581
1159 1160 1161 1552 709 1631 1636 1637 1638 770 771 87 42 1010 1639 283 20 1640 1641 1613 1642
1643 2 1644 1127 779 1128 565 1645 1646 1647 1648 1649 1650 1651 87 669 1520 1521 754 111 620 1652 1653 1654
1655 625 1656 676 677 678 1657 1658 1659 1660 1661 1662 404 1663 410 91 449 1213 1665 1666
1667 1668 1669 1127 779 1128 1671 818 571 1676 1677 1678 1537 87 235 598 179 136 284 902 1680 436
415 416 417 76 77 78 1681 1684 1686 1059 1688 87 42 1077 1078 1689 1690
759 1693 1695 8 1697 1699 1701 1702 63 42 575 1703 386 68 1704 1705 1706 1707
964 965 187 188 189 147 1708 57 1712 1713 41 669 1714 1715 754 111 1349 1279 22 736
459 1671 1723 1724 1725 1239 1726 1727 18 64 1446 1447 1403
831 832 1731 1517 1732 1734 1735 1736 1737 1738 1739 1740 1741 1742 1743 1744 87 176 1745 498 304 1746 1747 1748
288 289 374 375 376 315 377 378 379 380 381 382 383 107 63 42 384 385 386 136 387 388 389 390
1749 1750 1751 1752 1753 1754 79 1755 1535 1758 1415 1122 535 407 960 1276 158 136 735 1761 1762
1763 1764 1765 1354 1772 1773 1774 1775 1776 87 196 1777 1778 350 68 200 23 1779 1780
852 853 854 855 856 857 1781 859 860 861 862 863 864 1782 1783 1784 865 866 87 669 670 671 135 111 867 868 869 436
719 720 721 546 1788 1789 629 1790 616 1008 1792 87 196 1793 1794 1259 111 433 1795 1796 1797
1452 1453 1454 1798 873 1801 664 665 666 62 1803 87 669 1123 1804 350 111 326 1706 1806
1352 1353 248 1354 1807 1808 1809 913 593 275 1360 1361 1362 1363 1364 87 91 68 1367 1108 1810
778 1811 1812 815 1816 535 471 1291 1818 199 68 1819 1119 1820 1680
1821 1822 1823 676 677 678 293 1270 1086 1824 1825 1828 1829 41 64 431 432 111 1830 1831 1832 1833
417 1836 1837 1695 1839 633 634 41 410 111 262 1842 1843 1844
1845 1846 1847 1848 1850 1021 1851 1035 1853 297 1854 1856 87 108 1857 1858 672 136 1859 1860 1861 1862
1864 1867 1868 694 1100 1870 425 426 427 1871 1872 63 176 1873 752 136 1874 1875 1876 1877
1141 1142 1143 358 359 360 421 1878 1879 1880 1881 1882 1883 788 1884 1828 1829 87 235 636 1886 410 20 159 1887 1888 1889
1890 1892 1893 1894 1895 1896 1708 944 1897 1898 320 1899 883 87 176 1138 1900 1901 68 433 1562 1902 1903
1543 1434 643 333 334 335 1904 1905 1906 363 1907 277 1909 731 18 669 1714 1910 68 1044 1911 1015 1912
1914 1915 1916 315 1917 1918 1919 1920 1921 1922 1923 471 1428 1429 136 351 160 1925 1926
1141 1927 1928 1354 1929 1930 1931 514 300 64 323 703 1027 111 387 1935 539
1937 1598 1938 1941 1944 1945 1946 1947 1948 106 1949 18 196 197 261 217 68 1819 1950 1951 1952
1526 1527 1528 797 1953 1954 166 1957 380 381 382 156 824 87 42 1105 1106 135 1958 1959 1960
1961 1962 1963 1969 556 41 669 670 671 1336 20 538 1975 1976
1981 1982 166 1984 1985 1986 1987 1988 1989 1990 1773 1101 321 87 235 236 237 283 68 1992 717 1993 1994
887 888 889 1581 1995 1996 1997 1285 911 1998 595 402 403 731 1999 407 1153 1154 754 20 2000 2002 2003
391 394 395 763 398 399 400 401 402 2005 404 405 63 407 408 409 410 91 411 412 413 414
2006 1846 2007 2008 2009 102 2010 2011 2012 2013 2014 2015 2016 2017 2018 667 668 63 45 111 159 2019 2020 2021
2022 2023 2024 676 677 678 1033 2025 529 2026 2027 2028 2029 1224 2030 87 108 2031 2032 135 111 1277 354 2033 2034
1218 2035 2036 2037 2038 166 2039 363 2040 2041 495 2042 1117 2043 41 669 1714 1910 2044 20 2045 2046 2047 2048
288 289 815 816 817 647 441 2049 2050 2013 2014 2015 1990 2051 2052 649 2053 41 471 178 2054 67 136 653 2055 2056
2058 2059 2060 2063 102 2064 2065 788 1884 2067 649 650 63 407 408 409 1901 136 239 559 2068 601
392 2069 2070 2071 2072 2074 2075 2076 2077 2078 2079 2080 2081 2082 2083 39 1727 63 235 2084 2085 199 91 1593 2086 2087 2088
1384 1385 1386 2089 2090 2092 1508 1509 1922 108 1857 1858 350 20 200 2097 2098 2099
719 720 721 2100 1753 293 1507 2106 2107 732 535 669 772 773 754 20 68 2108 1263 2109
3 562 1927 2111 2112 943 2113 103 2114 2115 1816 87 471 472 2119 136 2120 2121 2122
870 871 872 797 798 799 293 874 875 876 880 1922 2125 535 111 2126 884 885 886
1340 719 1341 2127 1945 2130 2131 482 483 484 1117 2043 63 108 109 110 283 111 558 2135 1319
2136 97 98 2137 2138 2139 397 2140 2141 2142 1441 2143 1773 1304 2144 87 235 598 599 91 284 2145 2146 2147
2006 1846 2007 2008 2009 102 2010 2011 2012 2013 2014 2015 2016 2017 2018 667 668 111 159 2019 2020 2021
641 642 643 2149 2150 78 250 2151 2152 1898 320 2153 1743 2154 535 42 1210 1211 158 136 653 2155 2156 2157
1890 2158 1892 1893 1894 2159 1896 1708 944 1897 1898 320 1899 883 87 176 215 1539 1901 68 433 1562 1902 1903
437 981 982 421 2163 2164 2165 1853 297 1854 259 41 669 2167 2168 672 68 326 2169 2170 2171
1468 310 1469 1470 493 1471 102 2176 916 917 63 301 486 487 774 20 578 903 1321 1295
2178 358 359 360 293 2181 2182 1853 297 2187 2190 471 1225 1226 1336 68 2191 2192 2193 412
922 923 562 2194 2195 2196 102 439 440 2197 1621 2198 1491 2200 2202 2203 535 108 2204 19 91 2206 2207 2208 756
1763 1764 1765 2037 2038 102 2209 2210 2211 747 2212 768 2213 2214 407 1060 1061 67 20 620 1842 242 2193
1821 1822 1823 2215 2216 1708 710 1647 2217 822 2218 2219 63 64 2220 2221 199 91 600 2222 2223 2224
141 142 143 658 659 660 2226 1073 1074 2230 2231 1725 1008 2144 87 108 2204 2232 45 68 411 1451 1560 1561
2233 527 2235 1695 2237 2238 2239 2240 2241 1922 2242 176 2243 1210 111 2244 2245 1280 2246
2249 2250 2251 565 2252 2255 2258 2259 63 176 1138 2260 217 136 600 2262 737
1417 1418 1419 2263 101 2264 421 1917 1918 2265 2266 1362 62 42 575 576 91 1819 1045 160 2268
1821 1822 1823 2270 508 1851 1945 2272 2275 2276 87 196 1777 1778 199 111 1430 93 94 2278
1845 2279 2280 2007 2281 2282 249 2010 2283 2284 1039 2285 2286 2287 1237 1238 618 2288 196 1539 2289 1259 20 1044 2290 2291 1180
25 26 27 2293 2294 147 2295 1957 2296 2297 2298 2299 2300 63 68 637 2302 2303 2304
2305 2306 2307 1954 1421 2314 59 1571 63 386 111 997 2304 1294 2316
1478 50 51 722 723 724 2317 2318 2319 2320 2321 319 1122 2323 235 281 282 810 136 1012 716 717 1993
905 906 907 2324 2325 2328 2329 2330 2331 2332 2333 2334 1240 18 176 1873 2335 557 111 735 1158 353
1655 625 1656 187 188 189 1695 628 2337 2338 2343 2344 2345 2346 41 42 43 2347 1336 136 755 2348 2224 2349
1243 1244 1245 2350 2351 2352 459 1917 1918 1606 1607 2353 470 41 407 2354 108 810 20 284 1833 2355 2356
719 720 721 1353 248 893 2357 148 2359 1724 2360 2361 2362 87 176 635 636 19 68 2363 903 2364 2365
2368 1111 421 509 2370 2373 2377 497 63 235 2378 2379 754 91 637 850 541 2380
141 2383 2384 2385 397 2386 2387 63 301 2335 2388 19 2389 1561 638
49 2390 454 1836 457 459 2226 2392 2393 2394 2395 2187 1008 2144 41 196 1777 1778 386 91 1337 2396 306 2397
2398 1564 2399 2400 2401 1284 316 2403 1508 2360 2408 533 41 196 1777 1778 283 91 538 2409 2410 2108
141 142 143 2411 1695 2415 2419 18 42 1077 1078 2044 20 1212 2423 921
1 2 355 627 2425 565 548 2427 1508 2428 2430 2431 63 196 1539 2289 19 20 2432 182 1045 2433
2434 2435 2436 224 2437 2439 2442 1871 2448 63 64 1399 2449 199 20 1212 2450 2451 161
2454 2459 2460 2461 2462 2463 1039 897 2465 87 64 1399 2449 68 2466 2467 94
1 2 3 1752 2470 249 2471 2472 2474 2475 2477 428 299 63 176 1745 323 111 91 2034 1993 1214
2480 2481 2305 658 659 660 2482 1878 2483 2488 18 42 1210 2490 1259 111 2491 2492 2493 1293
437 815 816 817 508 2494 1491 1492 1493 2497 87 196 918 935 111 2500 1525 2501 2502
2503 2504 2505 2506 2507 1070 927 2508 1808 2509 2510 2511 957 2512 883 18 669 670 2513 67 68 1640 2514 286 1653
2515 1914 1915 1916 315 1917 1918 1919 1920 1921 1922 1923 41 471 1428 1429 136 351 160 1925 1926
795 796 676 677 678 421 228 2516 2517 767 745 1132 2519 2083 845 1651 64 431 1484 304 91 848 2520 1746 2521
1845 1846 1847 2194 2195 2196 122 1050 1051 2522 2328 2329 2330 1508 1509 2523 2524 367 87 42 1010 1639 45 91 262 2525 2527
1468 310 2529 1732 2530 1071 2531 2532 2533 880 2536 2537 64 88 89 135 20 1260 541 2099 2538
1218 2035 2036 694 2542 1086 971 2543 484 2545 39 40 63 196 536 2547 111 1212 2548 2109 2538
1047 1048 1049 1545 2482 2551 2553 426 2557 2558 63 176 1745 323 136 449 829 2349 2561
1749 2562 2563 1127 779 1128 421 2564 911 766 975 976 2566 2567 41 669 2167 2168 810 111 1704 979 2568 2569
1049 1142 2570 1073 1074 2572 2573 2314 41 407 1153 2575 774 68 262 1665 2576 1976
2006 1846 2007 2008 2009 102 2010 2011 2012 2013 2014 2015 2016 2017 2018 2577 63 2579 111 159 2019 2020 2021
2233 2580 527 459 2237 2238 2239 2240 2241 1922 2242 176 2243 1210 111 2244 2245 1280 2246
453 454 455 2583 2584 2585 910 1878 2586 2509 2587 2588 2589 2590 2591 18 64 1446 1447 350 68 112 2207 2208 2592
453 454 455 1127 779 1128 927 337 2593 2594 2596 2598 2600 1909 2601 87 235 447 2602 283 111 2500 2603 2604 2605
563 564 2606 676 677 678 147 1917 1918 401 2607 2608 2609 279 41 235 281 282 135 111 2610 2611 2612 884
2613 2127 2614 1734 2615 1344 2616 2617 2285 842 843 844 347 2618 87 64 1446 1447 350 68 2619 2620 656 2621
141 142 143 358 359 360 2622 1220 2623 2624 878 1330 2627 83 2628 41 301 1365 754 1541 2631 2632
116 117 118 119 120 121 122 123 124 125 126 127 128 129 130 131 132 41 42 133 134 135 136 137 138 139 140
2633 2634 2635 2636 1069 2637 2638 228 316 317 1881 1882 58 768 769 669 2167 2168 19 68 1107 2640 560 2641
759 760 1915 2643 2644 1458 970 56 57 2474 2475 2645 842 843 844 2646 2647 63 301 2648 2649 672 91 637 2650 2268 2222
2515 1914 1915 1916 2092 1917 1918 1919 1920 1921 1922 2651 41 471 1428 136 351 160 1925 1926
2653 2654 2655 1269 741 742 743 842 843 844 1743 1744 175 108 1334 1335 810 20 1044 2659 560
1016 1017 907 1837 2662 1284 2586 1809 2663 2667 2668 63 176 215 1539 1336 68 827 1595 2669 2641
453 454 455 2583 2584 2585 102 1878 2586 2509 2587 2588 2589 18 64 1446 1447 350 68 112 2207 2208 2592
2677 2678 2295 84 2679 701 2681 87 301 1365 1366 217 136 2682 2683 638 1467
1667 2686 2687 2688 2690 2691 1023 2692 845 1465 87 64 2698 2699 19 2502
415 416 417 2063 227 2704 2705 912 2706 2707 917 1792 87 669 2167 2168 19 20 2491 2708 2709 1577
1125 1126 676 677 678 679 2710 2711 1479 1588 1589 1590 2386 2387 63 471 1428 1429 283 111 305 2712 2713
2233 98 2720 1870 987 988 2724 2725 2190 108 109 2727 304 91 1704 2650 2728 2729
2730 2731 2732 2733 2734 227 2737 2738 2739 992 2740 18 1027 20 1830 2742 2743 2744
1452 1453 1454 2745 2746 2747 1269 2748 2749 2750 2751 2752 2753 2754 2755 2756 2757 2758 87 407 516 517 577 20 2759 2245 2760 2761
1749 2562 2563 2762 2763 2764 2765 461 462 2766 2767 2333 444 2646 2647 108 1900 2769 2770 111 2771 737 2772 1404
2773 2774 2775 2776 2777 2778 1269 2370 1737 1738 648 2082 1363 1364 63 407 2782 2783 577 20 1540 2785 2786
506 507 1071 2787 2788 2789 210 2790 2791 2667 63 176 1138 2260 20 2793 2794 2795 2222
2796 2797 330 815 816 817 79 2800 127 128 2802 2803 2804 900 1828 2805 669 2806 2807 754 2808 2810
675 2811 333 2812 2813 2814 2815 2816 2817 595 1101 1102 731 2818 2819 176 1873 2335 754 136 1062 2820 2821 1797
2822 2823 1231 335 1232 694 1905 2551 2151 2824 2826 1330 2627 83 107 2827 64 431 1484 45 68 2828 2569 2829 2830
243 244 245 1517 2831 2832 2835 2837 1444 196 216 791 68 2841 2842 1761
1141 1142 1143 2844 2845 2846 2092 2064 2065 2847 2848 2849 2850 2851 2852 41 196 1793 1794 111 2853 70 1449 775
2854 2855 2856 676 677 678 694 2860 2861 2862 2863 728 2864 2865 2866 63 196 1793 1794 386 91 1830 2867 2868 2869
887 888 889 2870 2871 249 573 196 197 261 672 20 2853 2245 2760 1654
2880 2881 1353 248 508 1554 745 1555 2884 882 2885 407 2354 407 179 91 867 1081 24 2019
522 523 524 2886 2887 2891 426 1650 2893 535 669 1714 1715 136 1704 1367 2894 2895
2897 2898 2529 1732 2530 397 8 2899 944 2900 2901 2902 2395 2903 299 2904 87 67 68 1859 793 2905 2906
2907 2908 421 276 426 2557 1363 1364 63 108 1334 1335 217 91 1277 329 2914 2915
907 2918 2919 2920 2922 2925 2928 2929 87 301 2335 2930 754 20 901 2931 2290
330 331 332 1199 1200 1201 227 2010 2283 2284 210 211 212 2628 2933 41 217 136 558 1746 2521
2796 2797 330 953 2937 1878 1879 1880 2940 1508 2428 2942 87 235 1192 1193 2044 136 620 2944 2592 886
2945 2946 1127 779 1128 2949 649 2053 535 407 960 238 2952 2953 1925
2954 2955 79 2956 2957 2958 768 2961 2962 87 471 2963 2964 557 91 2120 2965 2966 501
1749 1750 1751 2968 1050 1051 2522 426 2972 2973 2974 63 199 91 997 1762 687 264
2854 2855 2856 1282 456 1283 1219 2975 2977 2978 2981 1414 1443 1609 2982 87 301 486 487 158 111 2793 2983 519 2984
2985 2986 52 1121 2989 2990 2064 1508 1442 1443 1701 1702 87 64 2698 2991 199 20 518 2992 1843 2527
2993 2994 2995 477 2996 2997 1284 2998 2999 1147 3000 3001 3002 3003 3004 2961 3005 63 1027 68 1277 2304 1294 962
625 1656 3007 335 1502 79 3008 81 3009 3010 3011 3014 1999 87 108 1900 2769 136 305 1561 1562
2776 2777 2778 207 2749 630 3017 3018 1315 1379 41 471 3020 1901 20 1430 1156 3022 2868
3023 542 3024 1162 1163 1164 2937 1636 1637 1638 2852 2818 87 301 752 753 672 91 1430 1403 3025 3026
96 97 98 3030 1740 2667 3034 63 301 752 753 283 68 2610 2423 921 1642
437 3035 3038 3039 3041 3042 3043 106 1949 87 301 752 753 67 91 326 3044 3045 3046
1667 1668 2149 2150 78 207 3048 3049 859 3050 3051 3052 3053 1416 535 471 1291 1292 370 111 1212 3054 3055 2467
1763 1764 1765 1798 3056 782 1603 272 3057 3058 3059 3060 87 64 2698 2991 158 136 2466 1888 1889 3063
3064 3065 2654 3066 3067 3068 893 398 3069 3070 1897 530 3071 3072 41 407 1060 3074 45 68 735 3075 1976 1707
3023 542 3024 3076 3077 3078 1269 3079 3080 2415 3081 3082 3083 842 2212 821 1117 3084 18 45 111 92 162 3085 3086
563 564 2606 3087 3088 3089 1269 2787 2594 2900 3092 3093 2081 3072 807 42 1105 1106 91 1277 3094 3095 1705
415 416 417 3096 3097 3098 2324 2163 3099 3100 571 467 572 649 3101 471 178 2054 199 91 3102 688 3103 2728
1563 1564 3104 1798 2215 81 3009 1684 1491 1492 1493 3106 3107 535 407 3108 3109 68 1830 3110 559 560
3 309 3111 3113 1501 3114 2113 842 843 844 731 3117 41 301 2335 2388 91 284 2620 1095 413
2233 3119 3121 3122 3123 3124 630 3125 618 3129 87 370 20 371 2262 1485 1195
3130 2506 2037 79 1755 3134 468 2334 157 87 196 918 919 557 20 1522 1229 2612 2568
1731 1517 1732 459 3002 3003 3004 3014 87 42 1077 3142 19 20 3143 1994 2097
453 454 455 476 1269 479 480 481 482 483 484 39 485 18 301 486 487 67 136 112 488 489 490
2993 2994 2995 3151 2010 2011 2328 2329 2330 3152 3153 3154 3155 3156 67 20 1992 3157 3158 3085
2730 2731 3159 2482 3162 2691 1998 2394 2395 2187 1175 1176 63 471 1225 1226 199 91 200 1548 1451 1689
288 3165 2907 1981 3166 3167 873 3168 3169 3170 2231 699 3171 3172 3173 41 176 3174 1123 136 1992 22 736 1278
3175 3176 3177 1199 3179 3180 2226 2392 2393 3181 60 1315 1333 934 63 301 3182 3183 754 68 112 2223 2785 2786
49 50 51 1127 779 1128 893 3184 1708 944 571 1676 1677 346 87 67 20 3186 3187 1338
3189 2797 3 506 507 3190 1389 3191 3193 3194 2106 2524 3172 41 176 3174 3195 136 387 3196 500 3197
1914 1915 1916 315 1917 1918 1919 1920 1921 1922 1923 41 471 1428 1429 136 351 160 1925 1926
1066 1067 2111 3202 711 3204 383 107 535 176 177 178 810 20 2828 3205 3206 2056
1821 1822 1823 1199 1200 1201 3208 3209 2902 2395 2903 1775 1776 87 407 685 3211 136 2206 539 3212 1746
309 310 3213 2294 2846 459 874 3215 820 3216 3217 3218 3219 3220 3221 845 2893 41 301 651 652 386 91 137 3222 1214 1215
870 244 1864 3066 3223 3224 397 3226 2800 3227 3003 3004 471 178 2054 67 20 637 3228 501 3229
309 310 3230 76 77 78 459 3232 3234 1568 1569 1570 2202 2203 41 471 1225 1226 2044 91 2126 2709 3238
1731 1517 1732 1184 229 3243 3042 3043 61 62 535 176 3174 3195 410 20 704 1179 3244 1562
1937 1598 1938 3245 3248 1374 2788 2789 3249 3250 3251 649 701 18 176 1137 1138 91 1704 2493 688
3253 1432 1199 1200 1201 1695 3254 3255 3256 3257 2343 83 3258 1512 87 235 447 2602 90 136 112 3259 3260 2492
1 2 3 3262 3264 2075 338 3266 1568 1569 1122 771 63 196 3267 3268 386 68 111 3269 3270 3271
3 309 3111 3272 3273 3066 3275 3276 3277 2940 3278 3279 3280 131 3281 41 669 670 136 21 488 3283 2088
288 3165 2907 1084 361 896 57 974 1358 1359 1056 1057 1058 1609 3287 41 196 1777 1778 672 68 2500 3288 3289 3290
3291 26 27 8 2899 944 1881 1882 296 3297 3298 107 1240 41 407 516 517 386 91 901 581 1680 3299
503 504 1750 1030 2470 2996 3300 3301 3305 3307 3308 3309 106 934 41 111 2682 1525 3244
2653 3311 3312 1798 3313 1284 3008 1356 3125 3314 1255 3315 1702 2053 535 471 2963 2964 1336 136 1819 3316 3317 829
1125 1126 1127 779 1128 315 1129 1130 1131 1132 1133 769 2323 2601 41 176 1137 1138 135 68 305 1139 539 1140
1419 3319 3320 2089 3321 397 1202 1203 1204 1738 3323 2027 2028 429 3324 63 196 197 198 304 20 3325 2169 2170 2821
778 1811 1812 394 395 763 207 3326 3327 1957 3328 3329 1555 1782 768 2051 3330 2827 18 669 772 773 199 91 1830 3331 3332 3333
25 26 27 28 29 30 31 33 34 35 36 37 38 39 40 41 45 46 47 48
309 310 3230 953 313 314 3334 711 3335 41 301 1365 1366 810 68 91 3336 1779 3337
415 3096 3097 3098 2324 2163 3099 3100 571 467 572 649 3101 471 178 199 91 3102 688 3103 2728
3341 3342 3343 3344 1753 249 3346 3347 3348 2902 3349 2972 1828 3350 41 108 1900 45 68 2759 1888 3352 2795
3353 815 816 817 1220 56 1824 3358 2902 2395 2903 900 1922 87 301 302 303 1336 68 2828 3359 1951 3360
3361 2454 3362 676 677 678 873 2459 2460 3363 3364 747 748 322 3368 41 42 384 385 111 3369 3370 580 1179
1141 1142 1143 2529 1732 2530 1354 3371 3372 1546 3373 3374 3376 3129 42 3377 3378 91 2244 388 1496
3380 3381 3382 3384 438 1410 56 710 3058 3059 3060 2667 469 63 407 1611 1612 67 136 326 3385 1263 3386
3291 2774 1564 3387 3388 3389 39 3390 535 672 136 262 1180 2409 3391
1197 3392 3393 2089 2090 293 3008 81 3009 2543 3395 1223 768 769 770 771 87 108 1857 1858 810 91 351 1889 3396 3197
1082 1083 249 1220 56 710 2080 36 37 38 41 176 1138 2260 557 91 449 1595 3399 1561
922 923 562 2037 2038 2039 363 3401 1724 2360 3402 3403 3404 63 471 3020 3405 136 371 3406 3407
3409 2390 454 1731 292 249 3411 590 3412 3414 2115 3416 3417 87 90 136 1349 2620 3420 3421
1340 606 1580 1581 1582 79 479 1772 3425 3426 1059 2893 63 301 651 3427 557 20 1241 3428 113 3429
1030 3433 2747 249 3436 945 3437 3438 63 196 3267 3268 2770 111 2432 140 3399 1046
392 2069 2070 4 5 6 2092 1755 3326 2891 3442 2903 41 196 3443 3444 672 136 558 3445 1960 3359
1159 1160 1161 52 1121 2163 2164 2165 3447 3448 711 3450 1346 3451 18 301 3452 3453 20 704 850 93 3454
184 185 186 3455 3456 3457 3458 250 3459 3460 3461 1092 3462 156 157 108 995 3463 557 20 3464 240 3465 1747
3466 1049 1432 2368 893 1374 2788 766 3469 3171 3471 3472 235 281 282 20 3473 3474 2355 3475
309 310 3230 1580 1581 1582 1269 228 911 912 3234 3050 3051 3052 2190 64 498 1380 386 68 936 201 2905 3480
887 888 889 815 816 817 943 2720 56 57 680 681 682 3330 2827 63 176 1138 1334 68 21 3481 3483
2633 2634 2635 2636 1069 2637 2638 228 316 317 58 768 769 669 2167 19 68 1107 2640 560 2641
1125 1126 249 1905 3489 878 3257 2343 3492 1258 41 301 1365 1366 19 136 2191 1935 3494 3474
1821 1822 1823 1470 2570 55 56 57 2463 3499 3500 3501 3287 87 471 1291 1818 672 68 159 2087 2088 308
392 2069 2070 2071 2072 2074 2075 2076 2077 2078 2079 2080 2081 2082 2083 2300 597 63 235 2084 2085 283 91 1593 2086 2087 2088
3504 3505 2411 3313 893 3506 3507 1172 1173 1174 2334 3512 471 3513 3514 3515 136 2206 3516 3517 2086
3518 3519 3520 3521 1322 3522 102 3523 3524 1519 3525 3526 3527 3528 382 3529 3530 3531 63 176 177 1225 1336 20 2841 1833 3532 2895
1643 2 1644 2324 3535 3536 2325 698 2143 1773 1511 2962 63 235 598 599 19 20 578 3537 3538 920
675 2811 333 2812 2814 2815 2816 2817 151 152 595 1101 1102 731 2818 3540 176 1873 2335 754 136 1062 219 220 3541
1452 1453 1454 2745 2746 2747 1269 2748 2749 2750 2754 2755 2756 2757 2758 87 407 516 517 20 2759 2245 2760 2761
2505 942 1616 1617 3545 1175 3551 63 235 3552 3553 1027 20 1819 3445 689 1652
3504 3505 660 2195 2507 1354 3554 1072 3555 3556 3557 3558 3058 3059 1258 3559 87 669 772 773 754 68 637 3560 2604 3561
1845 2279 2280 2007 2281 2282 147 2010 2283 2284 1039 2285 2286 2287 1237 1238 618 2288 196 1539 2289 19 20 1044 2290 2291 1180
3562 2985 1125 52 1121 3264 3563 2900 2901 1172 1173 1174 2497 3566 535 108 1626 1627 672 20 1337 939 3567 3568
3569 1764 1765 2919 525 782 783 784 785 786 787 788 789 790 63 196 216 791 111 20 792 793 794
2022 2023 2024 676 3571 3572 1184 2025 529 2026 3573 1989 3574 2027 2028 2029 1224 2030 87 108 2031 2032 135 111 1277 354 2033 2034
3575 1904 228 229 3581 3582 3583 1132 2519 2083 3584 3585 63 301 486 487 136 1593 1666 183 3586
1845 3588 3589 3590 661 3191 2075 3591 990 991 992 3592 3593 87 235 3552 3594 20 997 3595 1139 3596
437 981 982 3597 2470 2996 102 228 911 912 3598 1132 3603 61 87 108 995 3463 283 68 1401 3605 3606
3607 855 856 3610 397 3611 3613 3447 3448 3614 3615 84 3093 2345 2346 63 108 2204 2232 754 111 2853 1860 3617
116 3618 3312 658 659 660 661 3619 3620 3621 3622 3623 463 3624 3625 3626 2601 3627 63 64 1446 1447 1336 68 180 3054 3628 3629
3632 52 1121 3633 3635 2899 3636 3637 2627 3638 87 136 1401 1889 474 1780
2730 2731 3640 3641 3642 661 3039 3643 2705 3644 3305 3646 3647 3648 2497 3649 63 176 1137 1138 238 91 3143 541 2380 3650
2070 3651 3653 5 3654 782 3655 3656 2899 2081 1607 3657 2345 1135 301 651 3427 158 68 997 3483 673 3658
887 888 889 1127 779 1128 122 3372 2922 3660 3661 3662 3072 807 63 301 3452 3453 135 136 2500 3666 1860
3575 453 1502 1503 2622 3670 1316 2465 2386 41 669 2806 3672 68 371 3673 1321 962
356 2506 2507 1070 2439 1204 1946 3677 1989 2627 83 466 106 948 41 669 3195 3679 1336 68 1430 3680 3681 3238
3341 3342 3343 2007 2008 2009 249 250 3682 3243 2738 3685 3686 87 196 918 919 386 91 2363 3687 3688 3689
2480 2481 2305 3690 456 3691 293 1618 1619 3692 2331 2332 2333 173 174 87 64 88 89 111 997 3693 3695
887 888 889 3696 293 3191 3371 1254 3703 3704 2566 2567 87 301 3182 3183 754 91 1448 3288 1875 1876
675 2811 333 3705 2814 2815 2816 2817 595 1101 1102 731 2818 176 1873 2335 386 136 1062 219 220 3541
3708 3709 3130 2584 1084 2439 3711 3712 3713 3714 3715 3716 347 18 108 1900 2769 136 1859 3316 3197 3719
3720 3721 3722 3723 3724 3725 893 3301 3726 2749 1148 1149 1150 1701 3727 87 64 1446 1447 386 20 2500 3728 3729 2905
795 796 1352 1353 248 421 3730 462 3731 3732 1897 3733 3472 87 64 2220 2221 91 1593 3734 3025 3735
310 1469 3736 333 2293 191 1825 3743 41 669 1520 1521 1336 68 2500 2224 2033 3745
2305 1313 2530 782 3749 2325 363 3278 3751 2802 2803 2804 176 1137 959 350 111 3754 1780 3755 3756
3757 3759 1616 1617 3458 2787 3682 3243 1330 469 3762 87 235 3763 754 136 20 1975 3765 3766
3767 3111 3769 3770 3654 421 3772 3773 2359 1724 699 2107 3117 87 669 1714 1910 1336 136 1337 3086 3777
1890 2158 1892 1893 1894 2159 1896 1708 944 1897 1898 320 1899 883 87 176 215 1539 1901 68 433 1562 1902 2397
3175 3176 3177 1199 1200 1201 740 2226 2392 2393 3181 60 1315 1333 934 63 301 3182 3183 754 68 112 2223 2785 3086
2822 2823 3779 3781 1284 1519 1657 3528 382 3529 1922 2651 87 108 995 996 19 20 1277 3783 1576 2894
2730 2731 3784 3785 1033 398 3069 3070 1590 3788 731 63 42 1077 1078 136 2491 962 3790 3595
1498 1499 1500 3791 3724 3792 1354 3793 3794 3795 3442 3796 1678 3797 41 42 133 3798 577 20 2610 3799 3800 181
2233 2580 2100 1753 645 249 2064 2900 2901 2275 3803 299 515 63 301 486 487 1336 68 538 2088 3259 3260
1082 1083 3521 1322 3522 1284 2064 3805 3243 1828 3809 63 1336 20 1401 434 3385 3810
2993 2994 2995 1162 1163 1164 2720 56 57 3812 3813 1854 1191 3814 63 407 1153 1154 135 111 112 2493 3815 1831
3816 3817 3818 855 335 361 3821 1424 1801 3626 1442 1443 2577 87 64 1446 1447 672 91 1260 3826 3827
3353 3828 3829 943 2163 2164 3836 3837 87 176 1138 2260 672 136 284 3839 240 3465
3816 3817 3818 676 677 678 3840 3841 3842 3243 1647 1648 3843 3845 63 64 1399 2449 672 68 1093 2099 450
3847 2897 98 3848 2507 2637 927 1472 1473 1474 3849 3171 3850 321 322 41 64 2698 2991 19 68 21 3851 904 1293
2480 3852 676 677 678 2937 2753 632 531 3857 573 3858 87 235 281 67 136 1277 1959 1926 3860
437 1578 1579 658 659 3861 147 2542 3862 3863 945 3864 1897 3837 3281 41 3865 68 284 2868 1549 3483
1141 1142 1143 3868 207 2678 2337 1054 3051 3349 131 1076 64 65 3873 754 111 112 3874 3370 95
1478 50 51 3876 873 123 836 1479 1480 1481 1482 934 1483 64 431 1484 91 411 736 1485
96 97 98 525 1904 709 56 57 3884 212 770 771 87 176 1138 2260 1027 136 848 327 2502 999
2985 3886 506 507 3168 3169 3170 1897 1898 320 1117 87 196 3890 3891 135 20 1241 3892 3893 3567
492 647 273 3614 3902 975 976 977 1317 1318 535 669 772 773 238 68 1349 3904 2894
3023 542 3024 3076 3077 3078 249 3079 3080 2415 3081 3082 3083 842 2212 821 3376 1043 18 111 92 162 3085 3906
3907 3908 3910 2064 2065 2847 1907 3913 3914 2865 2866 63 301 1025 3915 135 111 2206 2631 3391
905 906 907 908 909 188 1354 228 911 912 913 914 915 425 426 427 916 917 87 196 918 919 3865 136 653 920 921 603
1017 3320 2089 3321 228 2516 2517 1257 2851 18 301 752 3923 672 48 705 1596
3924 583 815 2437 1904 3927 1073 3931 64 431 432 91 180 2365 3932 1862
2993 2994 2995 2585 1284 3935 836 3936 1132 3937 3938 1949 3939 87 301 2648 3940 136 1401 3941 640 3942
1643 2 1644 52 1121 565 1878 3943 3944 664 665 666 2386 2387 41 301 3182 3183 90 111 3945 1015 3946 3420
625 246 544 545 1984 1985 1986 3950 2884 3951 1743 3952 41 42 1077 1078 135 91 3186 1179 3494 3022
376 1408 2074 594 3958 3836 84 1609 87 64 65 66 386 111 578 3960 2808 3617
1340 719 1341 2249 2250 102 3963 818 3964 3152 3153 3154 2667 2668 87 196 1539 2289 135 20 637 308 1158 353
3967 3968 1127 779 1128 2159 1298 1299 398 210 211 212 3969 86 87 407 3108 3970 217 91 715 3971 3972
887 888 889 2734 2845 1326 1411 1412 1990 1773 1774 573 3858 87 235 281 282 91 558 3976 3532
3967 3968 3320 2089 3321 3840 1807 1808 3978 3979 1725 3938 106 3014 41 196 1539 2289 1259 91 433 3980 3981 3483
392 2069 2070 2570 3985 3986 3987 1898 320 2153 3990 3991 41 217 68 20 3992 3993 1596
288 289 3113 508 3998 3999 4000 4001 3014 4002 87 301 1365 1366 158 111 411 656 2021 3756
4003 4004 4005 4006 4007 4008 3248 1220 2623 2624 4011 4012 4013 991 1363 1364 87 235 2084 4014 199 68 518 1861 1278
1468 4016 4017 926 1284 2357 3999 2851 2852 18 42 133 134 136 326 2208 4024 2380
288 289 2734 3985 3986 3987 3660 3661 3662 769 107 4030 63 176 1137 959 91 2500 4031 4032 3331
1821 1822 1823 953 313 314 893 1878 3070 2321 4034 4035 429 882 87 64 2220 4036 3515 111 20 4037 2520 4038
116 3618 3312 658 659 660 661 3619 3620 3621 3622 3623 463 3624 3625 3626 2601 3627 63 64 1446 1447 1336 68 180 3054 3628 3629
2022 2023 2024 676 677 678 1184 2025 529 2026 2027 2028 2029 1224 2030 87 108 2031 2032 135 111 1277 354 2033 2034
2796 2797 330 4039 3785 4040 207 2615 1251 4042 4043 595 1101 1102 2276 1445 41 64 431 432 386 91 449 737 4046
288 289 3458 2710 2711 440 4052 1816 4053 63 196 3267 3268 111 4054 1562 4055 4056
1340 719 1341 4058 4059 207 1603 4060 4061 401 2212 59 4062 4063 535 283 1523 4055 4056
4064 922 923 506 507 1269 3371 3372 4065 3001 2477 4067 4068 948 949 63 301 3452 4069 111 387 560 4070 2605
309 310 3230 418 419 420 227 1285 3626 1648 3843 428 1333 87 235 236 237 136 827 1541 4073 2576
1655 625 1656 1127 779 1128 147 3998 2711 3936 1087 3364 4075 4076 4077 1650 1651 535 301 3452 4069 111 518 2548 3386 4078
1616 3682 596 4085 2334 4086 63 42 133 134 386 111 2491 2145 114 4087
3924 1434 3632 2886 2887 102 1839 4089 930 931 932 1117 63 135 20 2853 3406 4091 3271
4092 4093 418 2812 3114 2130 4098 62 1803 64 2220 2221 19 68 1992 3197 3719 3839
3816 3817 3818 4105 1354 4111 3330 4086 176 1745 323 68 2841 4112 3407 3465
522 523 1281 3382 4113 782 4116 1299 1252 1253 595 2212 4118 2334 4086 18 42 575 1703 217 136 755 2905 354 2033
3847 2897 2898 2918 2919 2920 1878 2586 2509 2598 2949 4120 933 934 63 108 733 734 45 68 69 1562 4056 2641
2730 2731 1030 2470 2996 4122 4123 4124 196 918 935 111 3186 2894 4130 4112
3518 3519 3520 3521 1322 3522 1695 3523 3524 1519 3525 3526 3527 3528 382 3529 3530 3531 176 177 1225 1336 20 2841 1833 3532 2895
2985 2986 1159 1068 122 1116 861 1413 1414 1415 1537 41 301 651 652 111 180 2355 2356 4134
206 5 6 782 1788 1789 629 1606 1607 4135 41 407 1153 1154 111 4054 4024 4137
3341 3342 3343 3344 1753 249 3346 3347 3348 2902 3349 2972 1828 3350 41 108 1900 2769 45 68 2759 1888 3352 2795
3341 1598 1938 676 677 678 3030 3226 210 211 212 107 4140 535 471 825 4141 179 91 867 2046 2047 3719
243 244 245 3653 5 3654 1071 4142 2615 1251 4143 4144 429 131 63 669 1520 1336 91 704 4146 756
4148 1197 1749 4149 4150 4151 1421 2330 1990 2051 2052 2300 2219 18 42 1210 2490 136 1155 4154 2786 3360
1159 1160 1161 676 677 678 1695 4155 1931 4156 3193 3194 4157 156 1240 4158 235 598 599 217 91 284 4159 1975 2450
2633 2634 2635 1199 1200 1201 1033 1073 82 3000 3001 426 4161 2275 4162 4163 41 301 1365 1366 672 111 2120 829 1844 656
2434 2435 2436 3344 1904 228 229 3581 3582 3583 1132 2519 2083 3584 3585 63 301 486 487 158 136 1593 1666 183 3586
1196 1197 1198 1199 1200 1201 79 1202 1203 1204 1737 1738 1739 1205 1206 1207 233 1208 18 42 1210 1211 67 68 1212 1213 1214 1215
3847 2897 98 2918 2919 2920 4166 1878 2586 2509 2598 2949 4120 933 934 63 108 733 734 45 68 69 1562 4056 2641
2058 2059 2060 3122 4167 102 4169 4170 4171 1898 4161 2275 4172 4173 407 2354 407 135 136 2491 2493 2743 3360
719 249 4179 4180 4181 3999 4000 4001 1175 3991 87 108 2031 2032 67 2520 2121 1263
288 289 4184 4185 4186 1219 2749 4188 1587 4190 1480 1481 1482 1828 1829 63 196 1777 1778 1336 136 558 3815 4191 2034
144 145 146 147 148 149 150 151 152 153 154 155 156 157 41 158 20 159 160 161 162
3311 3767 740 2039 3772 4200 2973 87 301 302 303 1336 91 180 3596
1352 1353 248 1354 8 2899 944 974 1358 1359 1360 1361 1362 1363 1364 87 301 1365 1366 91 68 1367 1108 1810
1384 1385 1386 4 1408 1409 694 2209 2210 2211 2041 495 2042 2865 2866 18 196 1539 4206 1027 111 518 2389 4207
1962 102 4214 382 4215 3106 3107 301 2648 2649 672 91 411 2992 2915 4216
1478 50 1127 779 1128 873 123 836 1479 1480 1481 1482 934 1483 64 431 1484 736 1485 1486
1141 1142 1143 358 359 421 1878 1879 1880 1881 1882 1883 788 1884 2067 1828 1829 4219 235 636 1886 410 20 159 1887 1888 1889
3291 2774 1564 147 3069 2788 766 296 297 298 1537 1151 41 196 3890 3891 283 20 2828 4223 2493 2640
4224 4225 1297 1233 2615 1251 2824 4232 59 2545 684 3743 41 407 3108 3970 672 68 2841 3494 4233 3695
887 888 889 4236 79 250 4237 4123 2900 2901 3314 1255 3315 299 4238 18 108 2204 2232 386 20 2432 2611 2612 3658
2870 1546 482 483 484 39 40 63 235 2084 4014 754 20 2619 3595 689 4244
3189 2797 3 3784 2470 693 4166 896 57 343 4246 131 470 87 217 68 2045 47 113
1216 1217 1218 1084 4252 3812 771 3034 41 471 4256 4257 19 111 2120 4258 3693 4259
4263 1069 1070 1895 4264 3598 4268 957 3442 556 41 64 808 809 810 20 2244 4271 354 2349
3759 906 4272 893 744 745 746 2394 1059 63 301 3452 3453 45 111 112 1523 3790 1690
3104 4 1408 1409 4281 3506 4282 4283 4284 748 4285 515 63 386 136 433 4287 2169 4288
2480 2481 2305 4291 2324 4292 836 3936 1482 1117 4295 535 669 1123 1124 283 68 326 3317 2603
2233 2580 4297 2470 4299 1755 842 843 844 4302 535 407 685 3211 238 91 704 3839 4304 4305
759 760 761 1798 4307 4309 3936 1990 4314 4315 1103 1483 235 2084 4014 557 20 1992 2088 1228 219
922 923 562 2734 1269 1708 1314 1315 1316 701 2681 87 108 2031 2032 672 136 326 579 2223 793
887 888 889 1470 4320 293 1772 3425 3426 299 173 41 235 1192 238 68 137 4087 4325 4271
1417 1418 1419 1144 1145 3121 207 2283 3329 4329 343 4246 383 107 63 176 1137 1138 1901 111 284 3617 580 4331
1845 1846 1847 943 1050 1051 2522 2328 2329 2330 1508 1509 2523 2524 367 87 42 1010 1639 45 91 262 2525 4335 794
2434 2435 2436 2937 4339 3573 1989 3574 957 426 958 2566 4342 41 407 1060 1061 67 20 239 1689 4343 4344
4345 2918 2919 2920 1851 1035 3936 107 2866 87 386 136 68 2548 3399 1046
3409 2390 454 855 856 857 1033 2295 1957 2296 4351 4352 2848 87 235 3763 4353 199 20 1640 1832 580 4331
437 981 982 1353 248 3458 398 4354 836 1314 1315 1316 633 41 669 1573 1574 91 867 4356 4357 4358
4064 922 923 2411 815 1695 1603 4060 4061 4360 4361 4362 2865 2827 42 43 2347 1336 111 704 372 4363 3755
658 659 660 927 426 4161 2275 233 1208 4219 196 197 198 90 20 2841 2034 4366 2867
2398 1564 2399 120 4291 943 2459 2460 3363 4369 789 1117 4173 63 42 1105 1306 91 91 4373 2743 4374
964 965 1269 3057 4379 1554 1988 3002 3003 3004 3931 259 535 235 3763 4353 217 91 867 1320 2048
1159 1160 1161 335 4383 927 4386 4389 1148 1624 1443 1008 1792 87 176 1137 959 111 1859 3541 4390 4391
309 310 3230 312 313 314 3180 228 316 317 318 319 320 321 322 87 64 323 703 217 111 326 1806 329
1141 1142 1143 2844 2845 2846 2092 2064 2065 2847 2848 2849 2850 2851 2852 41 196 1793 1794 111 2853 70 1449 775
3757 2654 1529 1530 1531 873 2787 2586 3050 3051 3052 4394 883 41 407 3108 3109 672 68 518 4395 4396 3483
1066 376 4397 4398 207 1905 3008 81 1472 593 594 401 2607 4399 1122 771 63 407 960 1276 1027 20 637 2984 4400 2842
4401 1297 738 4402 943 4404 4405 4232 59 2545 1650 4406 63 471 825 826 810 20 1859 4407 4408 3332
719 4409 1110 1111 1112 1113 1114 1115 1116 170 171 172 1117 1118 41 557 20 1093 70 1119
25 26 27 1798 269 2482 4414 3014 4002 63 669 1573 199 68 4054 4137 3399 1561
2730 2731 3179 1502 893 2720 56 4419 3373 3374 2334 3512 18 407 2354 108 179 136 91 3777 3932 4421
1141 1142 1143 4422 4425 709 56 944 1947 1948 1508 1509 1511 3991 87 471 3513 3514 386 136 538 2520 3673 2364
1845 4426 4427 3458 2564 3821 2419 1117 4295 18 235 447 448 672 68 2682 849 850 3094
1941 4435 1904 3168 1554 745 746 1699 2925 86 845 41 669 4439 4440 158 111 136 4091 2576 2450
1141 2844 2845 2846 2092 2064 2065 2847 2848 2849 2850 2851 2852 41 196 1793 1794 111 2853 70 1449 775
1821 1822 1823 2918 2919 2920 207 337 4445 1606 1607 3101 41 108 2204 2232 1027 136 1448 4055 2712
1386 4451 3791 3724 3792 102 3793 3794 3795 3442 3796 1678 3797 41 42 133 3798 386 20 2610 3799 3800 181
2797 1616 1617 79 1878 251 252 2627 83 466 649 3101 63 64 808 809 774 20 735 4146 2033 3745
1296 1297 873 56 4457 1441 1442 1443 2431 4459 87 235 1192 1193 136 1012 1046 1063
563 564 2606 4039 2470 6 3190 3151 4461 2114 1647 39 485 19 91 2466 1382 4464
2773 2774 1048 2845 4467 3300 2788 4469 84 530 3071 321 87 108 995 996 386 136 1277 4356 4472
3353 3165 1526 1387 4473 122 4475 2182 1588 1589 1590 1317 1318 87 176 1137 1138 217 111 239 2409 2632
3353 3828 3829 1516 4480 3208 3209 1314 4482 4483 4484 1713 87 301 3182 3183 283 20 2126 3360 520 4485
141 142 143 2063 1504 911 4492 4493 495 2536 4494 63 176 177 178 754 68 827 4495 1179 4496
116 3618 658 659 3861 315 3619 3620 3621 3622 3623 463 3624 3625 3626 2601 3627 63 64 1446 1447 1336 68 180 3054 3628 3629
964 965 4498 3770 4499 873 1807 1808 1809 1491 1492 1493 2334 4030 18 407 408 409 91 305 4500 520 3044
392 2069 2070 1181 1182 1183 1372 4503 4506 1510 4509 2334 2190 669 670 2513 350 111 2841 868 1842
2136 97 98 2137 2138 2139 397 2140 2141 2142 1441 2143 1773 2430 2431 87 235 598 599 91 284 2145 2146 4511
187 188 189 1269 3041 3124 1945 4513 1701 3727 87 196 1539 2289 111 578 4518 4519 1063
1927 4520 4521 2954 2955 2324 250 251 2477 4067 4068 429 3324 18 283 20 1859 999 452 2830
288 3165 2907 3770 6 3346 3347 3348 401 2607 1333 750 2805 471 825 826 20 1155 2467 3777
309 4530 4531 476 4532 4533 2040 4536 4537 632 4540 2929 535 196 1539 2289 810 20 2363 3993 2109 3480
1644 738 544 739 740 741 742 743 744 745 746 747 748 749 750 751 4158 301 752 753 754 136 755 756 757 758
2854 2855 2732 2733 2734 2531 2532 2533 4545 4546 4547 618 2288 18 42 1210 1211 45 20 578 2223 2155
1159 1160 1161 676 677 508 4155 1931 4156 3193 3194 4157 156 1240 87 235 598 599 217 91 284 4159 1975 2450
3757 2654 2529 1732 2530 4551 4552 3436 3181 60 1315 2353 132 18 91 1540 1278 4553 2808
1127 779 1128 565 1645 1646 1647 1648 1649 1650 1651 669 1520 1521 754 111 620 1652 1653 1654
3291 2774 1564 249 3731 4562 2608 4563 2618 87 196 197 261 2579 20 1430 1925 1960 3680
506 507 1071 2787 2788 2789 210 2790 2791 3072 807 63 176 1138 2260 20 2793 2794 2795 2222
1243 1244 1245 2270 119 207 3985 2899 944 2240 881 573 3686 41 669 2806 2807 91 21 2931 1045 4207
2480 3852 3705 4568 567 1708 4457 2081 1607 3657 1122 771 87 471 3020 3405 135 136 3473 3336 998 2514
2822 2823 4236 79 80 2510 2511 957 701 702 63 196 1539 2289 350 111 2000 3110 4576 3360
288 289 3007 335 1502 122 4577 4578 4579 4581 2431 87 176 1137 959 1336 68 2126 2192 2423 2349
3380 3381 4586 79 1944 3523 4588 3574 4589 2738 2739 992 41 42 575 1703 577 20 2120 2222 4363 2088
777 1499 2037 2038 3805 4513 4594 616 2240 4595 2408 429 41 407 2354 108 91 2841 2396 1158 1902
1821 1822 1823 2037 2038 4596 4597 4598 1301 1302 1303 2258 2259 41 196 3443 3444 754 111 1277 3206 4599 4335
3690 3411 1132 2519 2083 299 2904 87 42 384 385 158 20 1227 3421 2869 4605
831 832 833 4606 419 147 1435 4116 987 988 2321 4034 4035 900 882 535 471 178 950 386 68 653 3790 372 1889
4610 4612 1269 3554 4613 4614 2902 2395 2903 4615 4616 87 557 68 239 4617 3331
3291 26 27 1199 1200 1201 2956 2957 2958 4619 4620 4361 3733 4621 87 235 1192 1193 179 20 1012 2728 4622 1806
3341 1598 2063 4624 249 4629 4630 83 2053 1899 87 471 2963 2964 67 111 2120 2984 4631 2397
4632 1385 4633 2150 78 3840 1490 4634 4635 4513 3395 3670 1316 2465 1650 2893 669 1520 1521 4519 1403 2829
4636 922 658 659 660 927 426 4161 2275 233 1208 87 196 197 261 90 20 2841 2034 4366 2867
1066 1067 376 4397 4398 207 4638 3944 401 2607 4399 4639 63 407 960 1276 1027 20 637 2984 4400 2842
3312 676 677 678 249 4644 2724 1725 4646 4647 196 536 2547 3515 68 2841 4648 1262 3475
1550 1551 187 188 189 1552 1553 726 929 1554 745 1555 1556 1557 1558 1511 3551 87 19 91 1448 1560 1561 1562
522 523 1281 4060 11 1882 571 467 572 573 1856 87 196 536 2547 283 2983 4656 4657
522 523 524 676 677 678 694 3326 3327 1957 1724 1648 957 404 108 2031 2032 283 136 387 4659 4660 2145
1340 4039 3785 4040 79 1374 3459 2106 2849 822 1726 3809 87 64 808 809 283 111 284 4664 4665 4666
905 906 907 908 909 188 910 228 911 912 913 914 915 425 426 427 916 917 196 918 919 557 136 653 920 921 603
644 645 646 647 648 59 60 1537 63 301 651 652 19 111 653 654 655 4672
141 142 143 926 3264 1358 276 277 278 3330 3512 63 42 1105 1106 283 111 558 1431 3054 3932
3847 2897 98 3848 2507 2637 293 1472 1473 1474 3849 3171 3850 321 322 41 64 2698 2991 67 68 21 3851 904 1293
4148 1197 1749 1127 779 1128 2510 2511 957 2030 2885 87 754 68 1260 1613 352
4684 4685 1125 1127 779 1128 207 35 1410 4687 1006 1007 41 669 1714 1715 672 20 3473 2409 3391 4689
4690 562 1432 4692 1269 2737 711 3204 1949 4459 63 176 1137 959 19 20 2244 2742 264
1141 1142 1143 2324 2064 2065 2847 2848 2849 2850 2851 2852 41 196 1793 1794 111 2853 70 1449 775
887 888 889 1529 1530 1531 207 4179 4180 4700 2027 2361 4706 87 301 651 3427 199 20 518 4707 286 849
2880 2881 2037 2038 102 228 229 3243 3257 2343 3492 1828 3350 63 471 472 473 672 111 3754 4708 3269 2409
1845 2279 2280 2007 4709 249 2010 2283 2284 1039 2285 2286 2287 1237 1238 618 2288 196 1539 2289 1259 20 1044 2290 2291 1180
1468 4016 4017 1162 1163 1164 4711 2039 4716 426 4161 2275 1117 4173 63 42 3377 3378 672 68 1540 601 3260 4717
3291 26 27 2137 2138 2139 4719 4720 4721 210 4722 3492 1151 87 301 486 487 20 600 2097 580
1846 1581 1995 1996 250 2788 1998 4729 1606 1607 683 4730 87 176 1873 2335 91 735 4731 4732 3289
1845 4426 4427 4735 4736 4737 4738 4739 1724 1648 957 39 1727 87 64 431 432 1259 91 1522 3617 3352 3454
3291 2774 1564 3387 3388 3389 4740 933 1949 535 754 136 262 1180 2409 3391
2822 2823 1731 1517 1732 3963 1535 3938 299 173 87 386 111 1241 2820 2953 4390
719 720 1162 1163 1164 927 3927 2011 4746 170 4630 1494 41 176 635 636 19 20 2244 4750 4731 4751
1127 779 1128 4752 398 4753 4754 4756 3072 807 63 42 1210 1211 754 68 411 139 4758 4759
25 26 27 1162 1163 1164 1904 1917 1918 2942 1512 63 196 197 261 410 68 827 2820 2171 3687
25 26 27 28 29 31 4764 33 34 35 36 37 38 39 40 2819 42 43 44 45 46 47 48
1127 779 1128 1219 2690 2691 912 1554 745 1555 2395 298 1103 3627 63 235 636 4770 68 2610 1861 4421
2822 2823 144 145 146 4354 1167 1168 4329 2231 1442 1415 299 2904 87 108 1857 4775 672 91 1093 3283
3828 1084 228 2516 2517 4783 4784 4785 3053 515 87 235 598 599 283 111 735 240 2055 2821
309 310 3230 1754 4435 873 3249 3250 3251 3172 3173 87 196 3267 4787 1027 20 1062 4519 1689 3290
2796 2797 330 3690 927 2131 1207 2299 4795 1134 18 471 472 473 3515 68 2126 113 4796 4797
2480 3852 797 2470 2996 782 4798 2705 912 1554 3414 380 4646 4802 87 108 1334 1335 754 20 3473 1960 2145 4803
1141 1142 1143 2529 1732 2530 249 3314 1255 3315 4162 4807 63 235 2378 4808 68 2126 353 3480 3086
1498 1499 1500 658 659 660 2570 1285 911 766 2321 4034 4035 2536 4494 87 91 3369 3270 3271 3206
221 27 873 4815 4816 316 803 804 805 299 1416 87 19 111 2432 4817 1119 1820
3 309 3111 908 909 188 2324 3371 3372 4065 4729 1772 769 4820 156 4140 471 472 2119 754 68 305 1562 963
641 642 643 1848 3300 228 4824 4716 4827 711 3204 534 87 20 2432 1449 4830
1845 4426 4427 2762 2763 2764 4299 1736 170 171 172 1008 196 1777 1778 774 68 2466 4834 1861 737
1478 50 51 3387 3388 3389 3123 123 836 4835 897 898 899 3733 4836 4837 669 2806 3672 2770 91 3143 4838 4839 4840
3312 2774 1048 927 4847 130 3733 4836 87 42 1105 1106 577 111 69 3086 1595 2669
2994 4692 4740 1583 1566 2902 2395 2903 1828 1829 87 669 1123 1124 577 91 449 3259 1309
437 1578 1579 4854 4855 4856 1354 4124 2981 1414 1415 750 42 348 349 19 136 936 4037 2520 1746
309 310 3230 312 313 314 315 228 316 317 318 319 320 321 322 87 64 323 703 217 111 326 327 328 329
2881 3968 476 4040 2039 4865 3623 2329 1724 1442 1443 3258 3551 63 407 685 3211 199 20 2126 4648 939 1747
2985 3886 2529 4461 4871 4872 3050 3051 3052 3155 3156 1336 91 3464 3766 1109
2480 3852 4874 4875 2470 661 4536 4537 4880 2083 2377 2259 41 407 2782 4882 19 91 704 4154 4884
2305 2306 2307 1982 247 4885 508 2508 1808 2403 1132 3937 3938 1444 4889 41 471 1428 4890 1259 68 2120 3560 2604 287
184 185 186 3455 3456 3457 3458 250 3459 3460 3461 1092 3462 156 1240 108 995 3463 557 20 3464 240 3465 1747
795 796 2100 1753 645 3030 2471 2472 4891 571 467 572 1712 4892 87 68 2793 4893 2364 4894
4632 1385 4895 4467 1914 3038 3682 3243 3328 897 898 899 322 2030 87 42 575 576 20 997 4750 4899 2931
2993 2994 2995 3190 1553 726 929 1554 745 1555 1556 1557 1558 1511 3551 87 19 91 1448 1560 1561 1562
288 1181 1941 4299 2586 1809 2663 1056 1057 1058 3330 4086 63 42 1105 1106 557 68 371 869 3299 4038
2880 2881 2037 2038 1695 228 229 3243 4827 4906 4907 3257 2343 3492 1828 3350 63 471 472 473 672 111 3754 4708 3269 2409
855 856 857 147 628 2337 2338 4908 107 157 87 108 733 734 672 111 433 2380 4207 4911
2480 3852 4263 4912 4719 81 2738 2739 992 2725 4916 87 176 1745 323 136 1819 306 2397 2650
719 720 721 4917 3384 4711 709 4919 4920 4361 4921 4922 4923 535 301 302 303 135 68 653 2931 1045 3992
759 760 761 4925 227 1203 192 3249 3250 3592 4929 235 3552 3594 304 2246 4930 4659
2730 3640 3641 3642 397 3039 3643 2705 3644 3305 3646 3647 3648 2497 3649 63 176 1137 1138 238 91 3143 541 2380 3650
1218 4935 4586 4936 249 2318 2319 2320 4937 4938 4939 1132 2519 2083 750 4940 301 1365 1366 217 136 68 4796 4941 1402
1066 1067 376 4397 4398 207 1905 3008 81 1472 593 594 401 2607 4399 1122 4942 63 407 960 1276 1027 20 637 2984 4400 2842
887 888 889 4736 4947 3935 1237 322 2030 87 176 1137 1138 20 305 4950 3316 501
1384 1385 1386 1370 1371 121 694 1372 1373 1374 1375 1376 1377 1378 4951 64 498 1380 350 136 411 1381 1382 1383
4092 4093 292 4499 249 56 57 1490 4955 4956 900 1511 63 91 1227 1746 1230 46
657 815 816 817 4958 1808 4588 4959 210 4722 83 3034 4647 87 108 995 3463 2770 111 1430 3283
1563 1564 4 1269 3773 4966 322 3258 196 1539 4206 217 20 578 4969 72 2520
3361 2454 3362 2529 1732 2530 4970 2551 3943 3944 1473 2679 2865 824 87 42 43 2347 4770 91 653 1156 673 1179
2279 4854 4855 4856 3401 747 2212 4118 2497 3566 235 281 282 1901 91 1107 2135 4421 3022
1127 779 1128 4752 398 4753 4754 3072 63 42 1210 1211 754 68 411 139 4758 4759
2773 2774 1048 4987 477 6 102 4577 4578 4579 975 976 977 2202 4988 41 42 1210 2490 350 91 578 2576 3085 2786
141 142 143 4991 4532 4993 4687 1006 1007 131 4994 669 772 283 91 69 327 4996 4271
1125 1126 1127 779 1128 207 1129 1130 1131 1132 1133 769 1134 1135 41 176 1137 1138 135 68 305 1139 539 1140
221 222 223 1456 3123 3008 81 3009 1740 469 5001 87 64 1399 2449 386 136 2841 3874 3370 2278
1643 2 1644 1616 1617 5002 296 1775 5008 63 235 447 2602 91 92 5009 3658 388
3189 544 545 943 2039 3969 86 471 825 4141 20 371 354 3783 2830
3607 1030 3433 2747 1219 2039 5019 535 42 133 134 135 91 2126 4996 5021 1404
5026 943 1736 4098 1554 1056 1057 1058 771 1899 87 386 20 2610 4304 3474 219
522 523 524 2263 101 2264 1129 2297 2298 2299 106 948 63 471 1428 1429 217 111 2120 2316 4078 1952
288 5034 5035 658 659 660 3123 2197 2705 912 2027 2028 5036 2430 87 64 2220 4036 91 2759 1228 1229 4259
5037 1597 926 2250 2251 927 3254 3255 3256 340 1989 3574 3425 946 2027 279 5039 41 669 2167 2168 3187 5040 811
1821 1822 1823 2732 2733 2482 4579 630 425 426 427 5036 2053 63 108 733 734 20 1044 4056
1218 2035 2036 1127 779 1128 4307 4719 294 295 5047 1134 1135 471 825 826 283 91 1593 3465 2521
1082 1083 1030 3785 4040 147 4339 823 749 533 1701 41 301 752 753 1336 91 111 581 3157 5054
5055 3968 4711 1506 5058 3374 1854 5059 5060 175 108 1857 4775 20 1227 2451 4576 3981
1890 2158 1892 1893 1894 2159 1896 1708 944 1897 1898 320 1899 883 87 176 215 1539 1901 68 433 1562 1902 1903
2880 5061 3876 2937 1878 2586 4687 1006 1007 2107 3117 63 669 772 773 1336 136 371 4817 2108 2122
5066 4320 5068 588 123 1988 5072 425 1257 2851 535 235 2084 2085 199 91 653 2603 3428
437 5076 4764 3069 1534 3257 2343 5080 1712 4802 87 672 20 867 2355 1383
4401 1297 738 293 4404 4405 4232 59 2545 1650 4406 63 471 825 826 810 20 1859 4407 4408 3332
3189 2797 3 1121 2425 5086 2815 5091 1742 845 846 2190 176 1745 323 283 91 5092 5093 2592
4426 796 2100 1753 4624 3030 2471 2472 4891 571 467 572 1712 4892 87 68 2793 4893 2364 4894
4272 2746 2747 2482 1878 2594 5096 957 426 958 5097 515 87 64 88 5098 386 111 1212 5099 5100 5101
1452 1453 1454 4150 4151 782 250 2151 1345 946 5104 2408 429 535 64 2698 2991 672 136 326 4708 3407 5105
582 583 584 585 586 587 608 589 590 591 595 402 596 556 597 535 235 598 199 68 600 601 602 603
3253 1432 1199 1200 1201 1695 3254 3255 3256 2596 3257 2343 83 2618 87 235 447 2602 90 136 112 3259 3260 2492
3847 2897 98 3848 2507 2637 927 1472 1473 1474 3849 3171 3850 321 322 41 64 2698 19 68 21 3851 904 1293
5110 5111 5112 4874 4875 2470 293 2677 2678 2295 1008 1009 41 235 2378 2379 136 1212 263 3815 5117
4917 1084 207 5086 3979 1442 5123 1494 87 176 2243 1210 557 20 2793 5125 5126 5127
96 97 98 333 397 2427 5132 1882 1828 87 42 348 5138 19 91 901 519 4605 2867
1821 1822 1823 3114 2216 1708 710 1647 2217 822 2218 2219 63 64 2220 2221 283 91 600 2222 2223 2224
1478 3607 102 210 1378 41 407 1153 1154 91 1212 4304 3022 1748
3064 3065 2654 2294 5068 1284 2787 3682 3243 4746 5149 3437 3438 106 107 42 348 349 557 20 4054 4408 3332 4408
719 720 1110 3458 1114 1115 1116 170 171 172 1117 1118 41 557 70 1119 1120
2993 2994 2995 491 492 493 2570 3985 2977 3964 3448 1038 4562 2608 4563 41 108 2204 2232 45 111 2120 937 1761 5155
675 2811 4058 4059 3114 1116 2011 3011 380 5159 5160 1871 1872 535 108 1857 4775 304 68 21 4751 3826 2569
1961 1962 1963 147 3611 5164 2230 2231 1725 173 174 63 669 2806 2807 557 136 111 601 5093 5127
870 244 1864 2583 4711 3124 630 321 1571 87 108 2204 2232 304 68 1349 2047 1628 884
330 331 332 1517 5171 79 2459 2460 2461 990 991 992 5059 4342 63 108 2031 2032 1336 91 578 2492 1294
2434 2435 2436 3653 5 3654 5173 5174 4475 3227 5177 1701 3727 535 407 1153 2575 754 20 69 2433 5178 1194
415 416 417 3723 3724 3725 102 4503 1052 1251 990 991 992 900 87 196 536 537 135 111 5092 240 1320 5180
5181 2686 2687 2688 2159 3749 1490 2050 4513 4594 4200 3937 4646 1803 87 471 825 826 135 68 997 980 3561
1563 1564 293 5186 5187 271 1053 5188 2753 36 37 38 2345 1135 63 108 1334 1335 199 91 5092 4031 3045 4091
2796 2797 330 1127 779 1128 425 1922 2651 87 301 3452 3453 135 68 1640 2155 3229 5194
2233 98 3840 2064 3850 2200 5200 1816 4053 471 1291 1292 91 262 4732 1875 500
3504 3505 1617 5206 5207 5208 2321 4034 4035 1134 5209 176 959 960 90 91 2244 757 4839 4840
4636 658 659 660 927 426 4161 2275 233 1208 87 196 1539 90 20 2841 2034 4366 2621
437 981 982 1695 741 742 743 5214 917 1792 18 196 1793 1794 1336 91 1155 4485 4830
356 3119 418 334 335 1490 1619 5218 2359 1724 699 2725 4916 87 108 1334 1335 283 91 2191 2349 5194 1666
1125 1126 1387 1616 943 5220 1897 530 3071 4162 4807 87 196 216 847 45 91 284 3976 622 4134
2993 2994 2995 5223 5076 2074 3307 3308 3309 2590 2214 87 42 1010 1639 199 68 1593 1958 4731 5225
2613 491 492 493 694 3162 2691 1998 1439 1089 1647 4163 2646 63 42 1010 1639 754 91 1540 2604 1653 5229
1579 660 2195 2507 102 3554 1072 3555 3556 3557 3558 3058 3059 1258 3559 87 669 772 773 754 68 637 3560 2604 2605
3907 3908 1162 1163 1164 5231 4596 2357 5232 3849 3171 3850 3931 87 108 1626 1627 672 91 92 830 1451 1080
2194 2195 2196 5234 2010 2011 2012 3677 1989 1790 1057 299 3584 41 407 2354 108 67 20 284 2262 737 1562
5237 5240 927 3611 955 5243 1724 1648 957 106 16 41 471 1291 1818 672 20 2120 580 3658 113
1141 1142 1143 358 359 360 421 1878 1879 1880 1881 1882 1883 788 1884 2067 1828 1829 87 235 636 1886 410 20 159 1887 1888 1889
288 289 4185 4186 249 2720 2998 1519 4513 3001 1317 5247 87 42 1077 1078 90 20 2610 1994 4258 1680
4690 5250 1162 1546 2551 2483 4483 2609 87 196 918 919 111 755 3283 5256 884
719 720 721 1552 1631 1697 5261 2373 5262 3950 2884 3951 3952 4639 63 471 825 826 557 91 433 1833 2992 2915
2993 2994 2995 1162 1163 1164 3300 3278 3788 2865 2866 87 111 5092 1063 639 705
2503 2504 2505 2506 2507 1070 927 2508 1808 2509 2510 2511 957 2512 883 18 669 670 2513 67 68 1640 540 979 4331
3 309 3111 815 816 817 4736 1723 1737 1738 2692 3002 3003 3004 2345 5269 2190 235 2084 4014 20 1349 390 2502 3212
2233 2580 527 2235 1695 2237 2238 2239 2240 2241 1922 2242 176 2243 1210 111 2244 2245 1280 2246
3847 2897 2898 2918 2919 2920 4166 1878 2586 2509 2598 2949 4120 933 934 63 108 733 734 45 68 69 1562 4056 2641
5271 1297 5272 855 856 857 1904 5273 3412 592 593 594 1491 1492 1493 4484 5275 63 196 3267 3268 577 91 1430 4803 3666 3228
415 416 3319 5276 5277 5278 2459 2460 3363 711 3603 5280 196 3443 5281 577 136 3754 5282 2492 5283
3562 2985 1125 1162 1163 1164 207 1374 251 1987 1988 5072 4545 4546 4547 533 1701 18 176 1137 1138 111 2500 902 674 3238
3575 1867 3696 249 3346 3347 3348 2902 3349 2972 1828 3350 41 108 1900 2769 45 68 2759 1888 3352 2795
1141 1142 1143 2734 493 5289 2039 3536 975 976 977 3404 3172 63 301 486 487 754 111 136 3222 1180 3270
141 142 143 5076 3098 5291 2482 2748 2749 2750 1314 683 5294 63 471 1428 1429 754 91 518 1514 2262 1862
1643 2 1644 2351 293 2551 2788 4469 2328 2329 2330 3637 2627 1744 41 407 516 5299 136 5092 3517 3481 1079
795 796 1352 3730 462 3731 3732 1897 3733 3472 87 64 2220 2221 91 1593 3734 3025 3735
2233 2580 2762 2763 2764 4307 4958 1808 5305 5306 5307 3014 3117 87 64 2698 2991 67 136 3473 4666 2669 4070
870 871 872 508 4155 1931 4156 3193 3194 4157 156 1240 87 235 598 599 217 68 69 4159 1975 2450
415 416 417 5276 5277 5278 79 2459 2460 3363 711 3335 3603 5280 196 1539 2289 577 136 3754 5282 2492 5283
833 5066 3066 207 3730 5314 3050 3051 3052 299 515 87 42 43 44 135 5316 3429 5317
2070 3651 5318 3653 5 3654 782 3655 3656 2899 2081 1607 3657 2345 1135 18 301 651 3427 158 68 997 3483 673 980
3708 3709 3130 28 29 30 873 1374 251 5319 731 732 41 196 1539 2289 111 637 654 2944 2592
3130 3632 625 2732 5320 4606 249 5273 3842 2600 4052 2566 3627 87 407 1611 5323 136 284 3765 3766
2136 97 98 2137 2138 2139 397 2140 2141 2142 1441 2143 1773 2430 2431 87 235 598 599 91 284 2145 2146 2147
2178 1517 5171 927 340 2477 4067 4068 3837 132 63 235 3552 3594 217 111 715 388 435
1417 1418 1419 1420 1069 1070 1421 1422 1423 1424 1425 975 1426 1427 429 535 471 1428 1429 754 111 1430 952 352 1431
244 391 392 147 250 2151 2152 975 976 977 5059 5330 18 42 384 385 304 91 137 435 5331 2003
1821 1822 1823 5076 3098 5291 3030 4629 4630 2344 2865 2827 87 301 1365 1366 1336 136 2610 1950 4472
4521 505 76 77 78 4619 4620 4361 3368 132 87 64 2698 2991 1524 2829 1576
719 720 721 375 1681 2720 56 4419 975 976 3685 3156 535 301 752 753 577 111 1227 3516 240 3993
1731 5339 3224 1904 1603 5340 5341 2848 2849 2850 407 1611 5323 20 653 2683 5344 500
2993 5345 3868 227 3184 1708 5348 747 2212 4118 1134 5269 471 1428 1429 240 2055 2056
1384 506 507 1904 5350 5351 5352 5353 5354 4513 4847 5355 347 63 301 651 652 410 91 20 95 5357 5344
3341 1598 1938 4935 228 5164 1205 1206 1949 4459 2805 196 1539 2289 91 1260 4258 903 2966
3104 52 1121 207 4815 4816 4824 3573 1989 1949 5209 41 301 2335 2930 19 20 827 3755 5357 3391
5368 5369 5370 5371 2215 5372 5373 5374 3181 60 1315 131 3281 41 669 3195 3679 158 136 1819 2729 1935 1665
5375 4610 658 5376 5377 927 1034 985 5214 1608 2724 713 1224 196 3890 5378 1336 20 936 2501 4996 5021
4612 102 2010 2011 2012 2013 2014 2015 2016 2017 2018 667 668 63 45 111 159 2019 2020 2021
1667 1668 1669 1517 2812 4736 1166 1167 1168 5384 2212 4118 1346 1347 63 42 43 44 67 20 1593 3316 3892 2365
5110 5111 5112 1904 4578 4579 4361 2106 1361 1103 87 235 2378 2379 68 3464 2348 2192 3336
5037 833 923 1868 817 1374 4237 788 789 790 1949 4459 63 669 2806 2807 2044 91 2244 3333 1350
887 888 889 1798 293 4386 801 975 976 977 404 405 87 196 1539 4206 370 20 578 2520 705 2109
795 796 1352 1353 248 421 3730 462 3731 3732 1897 3733 3472 87 64 2220 2221 91 1593 3734 3025
675 2811 676 677 678 679 250 251 252 680 681 682 683 684 41 407 685 686 304 687 688 689
1478 50 51 3387 3388 3389 3458 123 836 4835 897 898 899 3733 4836 87 669 2806 3672 2770 91 3143 4838 4839 4840
887 888 889 206 5 4445 4190 1475 1206 5401 2961 2962 41 108 2204 2232 672 136 704 4834 829 2349
719 4409 1385 2776 2777 2778 147 1374 2788 766 3014 2818 63 471 178 950 45 20 1430 3271 1108 5405
5375 5406 5407 3077 5377 694 1556 2545 2028 556 5409 535 301 3182 3183 1336 136 371 3025 3026 3673
2773 2774 2775 2644 893 4461 2593 819 1589 5412 5413 3814 1743 18 407 1060 1061 672 91 239 3860 3595 5414
96 1127 779 1128 1695 2442 4993 1606 1607 299 4238 535 669 670 671 19 20 2759 3205 5415 1477
5037 833 923 3066 3223 3224 421 1220 2623 2624 4043 5417 1132 2519 2083 5419 87 108 1334 1335 111 1874 4288 904 4750
116 3618 394 395 763 227 5421 5422 5423 4908 4756 1416 4929 2190 407 1060 1061 386 68 1062 3568 3980 1014
1384 1385 506 507 1904 5350 5351 5352 5353 5354 4513 4847 5355 383 5425 63 301 651 652 410 91 20 95 5357 1562
831 832 833 1731 1517 1732 1734 1735 1736 1737 1738 1739 1740 1741 1742 1743 1744 87 176 1745 498 304 136 827 1746 1747 1748
887 888 889 122 4798 5436 1443 321 63 471 3020 3405 111 2610 3026 2121
1500 3111 5441 1283 293 2899 944 1907 3913 3914 1317 1871 87 471 4256 4257 1336 5444 2157
3023 542 3024 660 4711 1546 1619 4042 1222 4360 4361 4362 1059 1688 63 410 136 21 2527 5448 2729
184 185 3455 3458 250 3459 3460 3461 1092 3462 156 1240 108 995 3463 557 20 3464 240 3465 1747
5271 1297 1162 1163 1164 1184 228 911 766 1132 5451 5452 4942 5453 87 235 2084 4014 135 91 433 3429 1339 5454
1082 1083 5455 5456 2746 1269 1944 5460 36 37 38 4795 573 87 108 995 996 19 136 3754 5283 5316 5462
5463 2908 893 567 5132 3850 2200 5200 1103 5330 87 471 4256 4257 577 20 284 2222 1889 3063
2822 2823 1836 4991 5471 293 3545 462 2766 3257 2343 3492 2107 3117 63 196 3267 4787 283 91 901 3197 2794 3980
1 2 3 2732 2733 2734 7 3050 3051 3052 1175 1176 41 196 918 919 386 91 518 3196 687 688
4263 4320 5478 3334 4579 985 663 3266 1568 1569 106 5425 87 471 1291 1292 283 68 2126 5021 2829 1576
1821 1822 1823 2350 2351 2352 5479 4252 5218 127 594 2265 2266 1362 469 1076 63 301 3452 4069 135 91 262 4840 1748 3045
1216 1310 26 1836 4991 5471 1421 618 41 108 733 734 136 2363 5126 5489 5490
437 1578 1579 2529 421 1374 251 5319 2255 2668 87 235 636 1886 111 111 1862 2002
5110 1181 1182 1183 459 3425 1712 4802 87 471 1291 1292 19 136 2793 2145 114 962
2178 3607 76 77 78 79 80 81 82 83 84 85 86 62 87 90 91 92 93 94 95
5501 4912 893 4237 790 1257 4302 87 301 752 753 111 1522 3517 3481 3629
2730 2731 4039 2470 693 1695 5512 5513 5514 1494 1495 87 176 3174 1123 91 180 5515 621 622
776 777 778 779 780 781 2159 783 784 785 786 787 788 789 790 196 216 791 111 20 792 793 794
355 356 357 1798 3056 4281 2720 2998 2359 1724 2360 2258 497 535 235 281 282 350 111 1337 3689 5518 3766
415 416 417 5276 5277 5278 2459 2460 3363 711 3335 3603 5280 196 3443 5281 577 136 3754 5282 2492 5283
5375 5406 5407 2968 5377 207 984 985 986 571 2298 2299 1317 1871 41 42 348 5138 68 755 2984 1523 353
643 247 2733 1904 3346 3347 3348 711 3204 233 1208 63 301 2648 3940 410 68 111 2055 2953 3187
4690 5407 2747 5526 4719 4720 4721 2285 5529 3249 2202 41 301 2335 2930 158 68 2491 1228 2355 3810
5533 5534 2352 5002 1584 592 593 594 5539 426 320 1571 1572 87 407 516 5299 45 136 3754 3316 961 4271
1159 1160 1161 2037 2038 1552 547 1389 190 3469 1624 1443 993 994 535 407 1060 3074 67 20 2126 22
3466 1049 1432 246 544 545 910 4596 4597 4598 5206 5207 5208 5542 5436 1415 233 234 87 176 2243 1210 136 433 4657 2641 2021
1296 1297 1127 779 1128 79 1298 1299 1300 1301 1302 1304 1305 63 42 1077 3142 1027 136 518 1307 1308 1309
2633 2634 2635 2636 1069 2637 1269 228 316 317 58 768 769 669 2167 2168 1027 68 1107 2640 560 2641
5544 357 1552 5174 3489 4629 4630 3845 87 64 2698 2699 19 20 1593 160 4390
1 2 3 3248 5557 2902 2395 2903 2218 2219 63 176 2243 1210 136 351 3689 2303 3086
3312 2774 1048 52 1121 1904 2010 2011 2012 2837 2865 157 535 176 177 178 199 20 262 5518 3766
5271 1297 5272 4709 293 3563 5566 1251 2978 991 322 3258 63 64 2698 2991 135 136 578 5570 5571
330 331 332 506 507 249 3749 2325 363 1301 1302 1303 917 87 42 1077 1078 672 111 112 5574 951 452
759 760 761 2294 1905 1906 363 1508 2428 1909 87 557 20 2828 3316 263 3728
141 142 143 5579 2111 2112 1695 628 276 3442 471 472 473 20 1012 1229 1747 3260
2613 2127 2614 1734 2615 1344 2616 2617 2285 842 843 844 347 2618 87 64 1446 1447 754 68 2619 2620 656 4495
1478 50 51 1127 779 1128 122 123 836 1479 1480 1481 1482 934 5060 64 431 1484 91 411 736 1485 1486
870 871 872 797 798 799 873 874 875 876 877 878 879 880 881 1922 2125 535 111 2126 884 885 886
437 1578 1579 658 659 660 147 2542 3862 3863 945 3864 1897 3837 3281 41 68 284 2868 1549 3483
4345 5345 290 1284 5587 3841 5588 975 976 977 1871 2448 87 196 197 261 19 3629 5462
2796 2797 330 3840 4116 1299 3002 3003 3004 1609 63 301 2335 2388 135 91 1593 2170 2171 2208
4684 4685 1125 1914 4185 4186 1284 441 2049 2050 2395 1854 5595 1117 4295 41 471 472 473 350 91 704 3222 1665 3271
1384 1385 1386 1387 477 6 102 1388 1389 1390 1391 1392 1393 3193 3194 2106 5596 1117 63 64 1399 1400 386 68 1401 1402 1403 1404
5037 833 923 52 1121 927 4630 5601 4621 18 176 959 960 199 91 239 2742 2743 3981
719 3066 3067 3068 5289 337 2593 2594 2902 2395 2903 993 87 407 1060 1061 2579 111 637 4707 5605 3541
816 421 2494 5610 5611 41 301 2648 3940 754 111 755 1382
3130 3632 625 4422 1371 121 4711 3943 5614 5616 4361 2106 2276 4889 535 301 486 487 136 558 2708 5617 3085
2945 2946 2745 5173 4142 2615 1251 3010 1222 616 2240 4595 3733 5620 87 108 733 5621 67 111 2771 621 757 3158
4685 246 544 545 1269 874 875 876 426 2557 2558 556 87 196 197 261 111 1704 3851 5180 540
5368 5369 5370 5371 2215 5372 5373 5374 3181 60 1315 131 3281 41 669 3195 3679 386 136 1819 2729 1935 1665
1468 310 1469 1470 493 1471 102 709 56 710 1472 1473 1474 1475 1206 5401 916 917 63 301 486 487 774 20 578 903 1321 1295
2796 2797 330 1163 1895 3506 2902 2395 2903 1117 3084 63 471 472 2119 136 1540 4343 3606 2829
582 583 584 585 586 587 102 589 590 591 595 402 596 556 597 535 235 598 599 199 68 600 601 602 603
1066 1067 2732 5320 4606 2092 3732 1897 3106 2537 18 176 959 960 158 111 2045 5316 3799 5632
922 923 562 1127 779 1128 2074 1851 1945 2272 648 59 60 3990 3991 63 64 2698 2991 199 111 2126 4911 1095 1875
658 5376 5377 943 3963 5220 426 4161 2275 2345 4459 87 407 1153 1154 217 136 2120 2604 1653 5637
3064 5640 2746 2747 2317 1249 1250 1251 4959 1816 5643 41 108 1857 4775 238 4495 581 2246
415 416 417 5646 1269 2690 2691 912 1148 1149 1150 556 5409 41 407 1060 3074 2044 68 2206 1015 868 2894
141 142 143 4970 5650 5651 2217 5653 1743 1744 87 471 472 473 19 20 1448 850 5655 602
3409 2390 454 5656 694 5616 4361 2106 713 1224 2190 108 995 996 386 91 3473 5662 3157 5054
116 3618 3312 658 659 660 315 3619 3620 3621 3622 3623 463 3624 3625 3626 2601 3627 63 64 1446 1447 1336 68 180 3054 3628 3629
1643 2 1644 144 145 146 249 985 974 1358 2837 683 4730 87 176 2243 384 283 136 1448 5571 3229 1796
2503 2504 2505 1030 4925 927 2508 1808 2509 2510 2511 957 2512 883 18 669 670 2513 67 68 1640 540 979 4331
1845 2279 2280 102 5673 785 1463 1416 87 108 109 110 1336 20 2619 1560 1046
1846 394 395 763 227 5682 5683 5684 880 2973 2974 18 42 1210 2490 672 136 1522 5574 5687 2121
1218 1264 1265 1266 1267 1268 1269 1270 1271 1272 36 37 38 683 684 41 407 3108 3109 45 136 1277 1278 5689
562 563 564 5691 2293 2570 250 2586 3978 2297 2298 156 1240 63 64 1446 1447 370 136 371 1350 2156 1832
3023 542 3024 3076 3077 3078 249 3079 3080 2415 3081 3082 3083 842 2212 821 1117 3084 18 45 111 92 162 3085 3906
1384 1385 1386 815 816 817 782 3535 4264 3841 5693 5694 5695 5698 2928 2929 18 471 1291 1818 3515 136 901 161 5117
141 142 143 1127 779 1128 102 3346 3347 5700 4075 750 4940 63 196 3890 3891 45 91 2120 4893 1321 115
415 416 417 676 677 678 1354 709 4919 5703 1898 320 322 41 196 918 919 111 518 1486 115 1903
4272 2746 2747 4425 726 4379 5705 3249 3250 3251 2345 5269 63 196 1777 179 91 2759 5707 4950 5125
1667 1668 1669 2149 2150 78 207 3048 3049 859 3050 3051 3052 3053 1416 535 471 1291 1292 370 111 1212 3054 3055 2467
1693 1269 5714 4181 877 2849 5653 468 1511 87 64 88 89 1027 111 112 5655 869
73 74 75 76 77 78 79 83 84 85 86 62 64 88 89 90 91 92 93 94 95
1384 1385 1386 1387 477 6 293 1388 1389 1390 1391 1392 1393 3193 3194 2106 3376 63 64 1399 1400 386 68 1401 1402 1403 1404
719 720 721 5223 1096 79 5721 3254 3643 5723 2573 63 235 236 1348 68 2045 5726 2316 4287
116 117 118 119 120 121 123 124 125 126 127 128 129 130 131 132 41 42 133 135 136 137 138 139 140
2796 2797 330 4263 2845 873 250 3459 3460 5305 5306 5307 1871 63 176 2243 1210 283 136 600 2953 4390
506 507 1071 2787 2788 2789 210 3072 807 176 1138 2260 20 2793 2794 2795 2222
116 3618 3312 722 723 724 1071 2863 728 2864 2345 3939 535 471 1225 1226 577 111 3186 1338 3605
355 3690 456 3691 227 842 843 844 573 3858 63 283 111 1704 2502 1402 1560
887 888 889 5743 5744 5646 1695 4292 1568 1569 1570 934 4342 63 471 3513 3514 135 111 936 3196 1876 540
141 142 143 1914 5749 1583 1584 5751 3042 2030 5753 41 471 4256 20 20 4344 5755 5571
2136 97 98 3122 4167 5756 927 3202 5187 2900 2901 1132 2519 2083 1258 4394 63 669 2167 45 111 2206 4689 2761
522 523 524 358 359 360 3458 5760 2749 5616 4361 2106 16 63 669 2806 3672 2044 136 5092 2099 3480 5763
2993 833 5764 4320 5478 270 2328 2329 2330 3307 3308 3309 1701 428 535 108 1334 1335 68 3754 1194 1926 2410
243 244 245 3007 335 1502 270 1619 3692 1660 1661 1662 4394 5753 41 64 88 89 91 387 3537 3538 920
2633 2634 2635 187 2583 377 1472 593 594 5774 2928 3053 63 810 91 1992 3420 5617
1821 1822 1823 5777 3724 3725 2937 1603 5340 5341 2477 5698 1132 633 41 471 178 950 45 20 704 3283 5490 2224
1 2 3 2762 2763 2764 782 3048 127 5782 296 3297 3298 3330 4140 535 176 2243 1210 199 20 1012 737 4046 1561
719 720 721 5786 3226 2800 3704 633 41 471 825 826 111 411 240 5099 3972
1563 1564 3104 358 359 360 207 1422 1423 1424 11 12 1491 1492 1493 4162 4807 87 108 1334 1335 410 111 704 5415 1321 4271
1845 1846 1847 3588 3589 3590 1904 3191 2075 3591 990 991 992 3592 3593 87 235 3552 3594 20 997 3595 1139 3596
288 5034 5035 658 659 660 3123 2197 2705 912 2027 2028 5036 1743 87 64 2220 4036 45 91 2759 1228 1229 4259
1763 1764 1765 418 334 1342 893 5557 3732 1897 131 470 41 407 3108 3109 19 68 3143 4137 2895 1431
1452 5796 2745 1269 2748 2749 2750 2751 2752 2753 2754 2755 2756 2757 2758 87 577 20 2759 2245 2760 2761
1821 1822 1823 1836 5800 5801 2570 1583 1566 3219 3220 3221 39 1829 176 959 960 67 111 3945 4665 4216 904
5271 1297 5272 3159 293 2835 5805 5806 3081 2176 680 681 682 3403 61 63 64 1399 2449 217 68 3473 4884 5809
1142 184 3618 508 3506 4282 4283 1589 5412 5413 2757 5813 87 407 2354 108 136 3102 181 1525 4672
244 391 392 926 2250 2251 1354 1022 911 912 4143 4144 683 4730 87 669 670 671 410 68 600 5515 3094 3568
795 582 2100 1753 645 3030 2471 2472 4891 571 467 1712 4892 87 68 2793 4893 904 4750
2730 2731 1162 1163 1164 5786 2787 2788 1023 341 4352 1571 87 471 472 2119 754 20 2126 4373 688 4659
5820 5821 5822 2092 1167 1989 5723 5826 3803 2757 2758 63 196 3267 3268 1336 3992 5105
391 392 393 394 395 763 397 398 399 400 401 402 2005 404 405 63 407 408 409 410 91 411 412 413 414
1498 1499 1500 3791 1354 3793 3794 3795 3442 3796 1678 3797 41 42 133 3798 577 20 2610 3799 3800 181
3504 3505 1231 335 1232 1033 9 2143 1773 748 1701 900 87 1027 20 2466 4660 2002 3960
658 659 660 459 1708 710 4085 319 3638 87 176 1138 2260 557 111 2363 4969 4134 1975
1667 1668 1669 2149 2150 78 147 3048 3049 859 3050 3051 3052 3053 1416 471 1291 1292 370 111 1212 3054 3055 2467
719 720 721 927 4135 87 176 1873 2335 199 20 637 1595 2669 3288
243 542 5846 815 816 817 2570 2553 842 843 844 279 5039 41 108 1626 577 68 1640 1594 4391 5405
1197 3392 3393 1162 1163 1164 249 2975 5261 2373 5262 2359 1724 699 1828 3390 535 64 498 1380 1336 68 2610 1278 1279 3428
1264 292 478 3273 1410 2998 2999 2328 2329 2330 4687 429 882 41 64 65 3873 158 91 2619 5857 4395 2145
1763 1764 1765 188 5860 4871 1411 426 4161 2275 5866 108 1626 1627 304 20 827 4665 1262 3475
1498 1499 1500 506 507 873 3716 4111 1317 3592 87 235 2084 4014 19 136 433 4758 3158 4648
437 1578 1579 419 2437 694 1905 3008 81 2617 2275 3803 1364 322 407 3108 3109 1336 20 2206 4373 3815 5117
5181 855 856 3610 102 1388 3168 3527 4351 3685 3156 41 407 516 517 557 20 159 2156 4717 390
204 628 5883 1052 4369 665 1175 3551 41 176 2243 384 45 136 136 3332 851 5888
887 888 889 5656 421 4122 4123 4124 593 5782 698 2143 1773 429 882 18 108 109 2727 45 111 387 4024 5892 1064
3562 2985 1125 2918 2919 2920 4865 5894 2802 2803 2804 713 1224 87 64 1446 1447 45 111 1830 3687 4032 2348
288 5034 5035 676 677 678 2551 3943 5897 3257 2343 5080 3258 3991 535 407 960 1276 386 1861 1278 4154
1296 310 5526 3458 3232 913 593 594 2027 2028 63 108 2031 2032 45 91 351 2223 5888
1731 1517 1732 4307 1166 1167 1168 1737 1738 1739 1740 1741 1742 1743 1744 87 176 1745 498 304 136 827 1746 1747 1748
522 523 524 1529 1530 1531 1904 5911 5912 5913 2902 2395 2903 383 750 87 176 1873 752 386 91 2759 4731 2708 521
3189 2797 3 491 492 493 969 2025 250 1724 1725 1239 4922 4923 535 108 1626 1627 304 136 112 3904 1577 4464
2633 2634 2635 692 292 693 122 2835 5805 5806 2081 821 2850 3584 5611 87 196 3890 3891 90 136 305 2944 5489 3755
1218 1264 1265 4935 4586 4936 249 2318 2319 2320 4937 4938 4939 1132 2519 2083 750 4940 301 1365 1366 217 136 68 4796 4941 1402
96 97 98 2732 2733 2734 709 5919 10 632 2740 3939 87 196 216 847 304 68 538 48 3673 2364
1821 1822 1823 226 397 87 301 2335 2388 386 20 1241 3595 241
759 760 761 1915 2643 102 2551 819 820 2474 2475 2645 842 843 844 2646 2647 63 301 2648 2649 672 91 637 2650 2268 3538
243 542 5846 246 4402 3262 56 3042 3043 3990 3991 41 64 498 1380 111 111 3481 3629 5462
330 738 544 739 740 741 742 743 744 745 746 747 748 749 750 751 430 301 752 754 136 755 756 757 758
3253 1432 1199 1200 1201 1695 3254 3255 3256 3257 2343 83 3258 1512 87 235 447 2602 1027 136 112 3259 3260 2492
675 2811 333 2812 2813 2814 2815 2816 2817 595 1101 1102 731 2818 41 176 1873 2335 754 136 1062 219 220 3541
1159 1160 1161 926 147 123 836 4835 3636 5160 1509 1609 2933 87 196 1539 2289 19 136 997 3946 656 792
1352 3035 5943 2570 5944 5945 5946 1508 2217 701 41 176 1137 1138 386 111 20 1832 2098 5570
330 331 332 2400 2401 3190 859 2296 3323 1205 1206 2851 2852 41 176 1137 1138 199 111 2000 3317 4665 3971
2233 2580 187 188 189 3300 4089 3017 3018 1315 2258 18 108 733 734 350 111 1430 4024 5570 4834
1563 1564 953 5955 1552 1490 4634 4635 467 2345 5269 63 235 3552 3594 672 136 848 2568 1523 1431
73 74 75 76 77 78 1284 80 81 82 83 84 85 86 62 64 323 90 91 92 93 94 95
795 796 1352 1353 248 249 3730 462 3731 3732 1897 106 750 87 64 2220 91 1593 3734 3025 3735
2058 2059 2060 3122 4167 5756 102 4169 4170 4171 1898 4161 2275 4172 4173 407 2354 407 135 136 2491 2493 2743 3360
2127 1734 2615 1344 2616 2617 2285 842 843 844 347 2618 87 64 1446 1447 350 68 2619 2620 656 2621
4684 4685 1125 1731 5339 3224 1504 4179 4180 4700 4615 4616 63 42 575 1703 68 3102 3728 4622 5574
1384 1385 1386 28 29 30 1904 1878 3943 5897 1990 2051 2052 934 4342 63 301 1025 3915 158 68 136 3110 4390
2822 2823 79 4577 2902 2395 2903 933 87 108 995 996 136 91 736 4421 673
759 760 761 1915 2643 2644 1458 2551 819 820 2474 2475 2645 842 843 844 2646 2647 63 301 2648 2649 672 91 637 2650 2268 3538
1643 2 1644 607 2997 2482 1755 5973 987 988 3314 1255 3315 62 63 176 635 3552 3865 111 239 5687 640 72
3847 2897 98 3848 2507 2637 927 1472 1473 1474 3849 3171 3850 321 322 3540 471 1428 1429 19 68 21 3851 904 1293
759 760 761 1836 5800 5801 249 423 3712 3092 3093 2081 2601 3627 63 64 65 3873 136 1593 1833 4930
5250 4263 1033 1657 2272 748 297 3638 41 386 20 92 4421 4233 5687
1452 1453 1454 2745 2746 2747 1269 2748 2749 2750 2751 2752 2753 2754 2755 2756 2757 2758 87 64 498 1380 577 20 2759 2245 2760 2761
49 50 51 52 55 56 57 4414 1122 771 63 669 1123 1124 67 68 69 70 71 72
1643 2 1644 1127 779 1128 1284 1645 1646 1647 1648 1649 1650 1651 87 669 1520 1521 754 111 620 1652 1653 1654
309 310 3230 2686 2871 1471 2297 665 666 993 4706 87 407 2782 2783 179 20 2206 434 435 5331
4064 922 923 4498 3770 4499 2937 1072 439 698 2143 1773 3990 3005 41 64 2220 2221 199 68 5092 1594 3777 3932
288 3165 2907 2007 2008 2009 2439 55 3499 3500 3501 4922 5643 41 301 486 487 111 449 1806 3396
1655 625 1656 676 677 678 1660 1661 1662 404 1663 535 64 323 5992 410 91 449 1213 1665 5282
2515 2732 2733 2734 249 1286 1287 1288 106 948 535 235 2378 4808 90 91 3143 452 5444
415 416 417 79 2704 2705 912 2706 2707 771 3034 87 669 2167 2168 19 20 2491 2708 2709 1577
2897 2898 4383 227 2545 2028 1571 1572 63 108 2260 6004 67 68 3102 3839 1796 6005
309 310 3230 2209 2210 2211 425 426 427 1346 63 235 3552 3594 386 68 2206 705 4130 4834
2993 2994 2995 2585 5026 3642 565 3935 836 3936 1132 3937 3938 1949 3939 87 301 2648 3940 19 136 1401 3941 640 3942
3077 5377 927 5805 880 881 299 4238 63 108 109 2727 68 755 2952 4599 3481
4272 2746 2747 1878 2594 5096 957 426 958 5097 515 87 64 88 5098 386 111 1212 5099 4391
522 523 1281 1163 6021 147 4947 3935 1772 769 4820 1712 5275 87 196 216 847 91 20 2302 3560
1384 1385 1386 2529 1732 2530 943 5911 5912 5913 6023 6024 6025 3072 807 669 3195 3679 135 20 2126 3045 2147 4244
1452 1453 1454 1455 1456 1457 2622 1459 1460 1461 1462 1463 1464 845 1465 18 196 536 537 557 68 936 1467 93 886
1199 1200 1201 102 1411 1621 2198 632 531 3857 3471 6029 87 64 498 1380 1336 91 69 4244 3289 4343
2058 2059 2060 5579 5749 33 1506 5703 1898 320 2973 63 471 178 950 386 136 1540 2952 2821 4660
2633 2634 2635 476 586 587 459 4644 5714 1724 5751 2566 1483 87 196 1793 1794 68 2759 939
675 2811 1030 3433 2747 2570 228 229 1132 5451 5452 649 3101 87 64 323 703 1336 111 1212 4325 71
288 5034 5035 658 3123 2197 2705 912 2027 2028 87 64 2220 4036 45 91 2759 1228 1229 4259
5463 2908 6047 4736 2720 6052 2345 3939 41 42 133 134 672 91 92 6055 539
3708 3709 3130 815 816 817 4736 2216 1708 4457 4746 6059 930 2627 1346 3451 407 2782 4882 672 20 2793 5093 756 2992
6060 6061 6062 3455 4735 3121 1354 5919 190 5539 426 320 63 176 1873 2335 217 111 3754 3085 5763 716
675 28 29 30 270 5086 6072 6073 5542 3106 3107 18 407 408 409 217 111 20 2268 2659 4899
3569 122 1298 1299 1300 1301 1302 1303 1304 1305 63 42 1105 1306 1027 136 518 1307 1308 1309
309 310 3230 4987 4473 1282 4568 6078 6079 6080 1491 1492 1493 1650 1465 41 669 4439 4440 19 68 3369 1404 4304 5178
719 720 2383 2384 2385 1033 6084 1988 4389 2826 3181 60 1315 1008 1792 87 176 1745 323 304 111 239 2631 1562 4055
96 97 98 5061 4105 893 5186 5187 271 3374 1854 5595 5610 2758 63 196 216 791 111 2244 6086 2467 94
887 5846 815 816 817 5479 3191 2075 3591 3328 1989 1205 1206 1207 2353 470 41 176 1745 498 577 91 1241 4091 5282 4717
887 888 889 2195 1018 740 5684 3227 3003 3004 534 845 63 42 384 385 19 68 92 6092 3567 3095
3175 3176 3177 6093 457 1269 836 837 838 553 554 555 770 771 87 471 178 950 672 68 3186 4708 3269 6005
243 244 245 815 816 817 588 1929 1930 1931 5384 748 297 2107 3117 41 235 598 599 672 136 351 4689 5637 1959
1125 1126 122 1931 1708 944 4589 3743 1923 63 196 197 198 1336 68 69 2146 4617 3596
3518 3519 3520 3521 1322 3522 102 3523 3524 1519 3525 3526 3527 3528 382 3529 3530 3531 176 177 1225 1336 1833 3532 2895
3518 3519 3520 3087 3088 3089 1969 1686 1134 5209 87 136 558 5755 3337
3409 2390 454 2734 6108 3190 6112 2474 6113 1441 1442 1443 3990 3005 42 1010 1639 1336 68 2828 1912 2157 1960
870 871 872 477 249 5566 1330 2627 83 2408 87 407 2782 4882 672 91 68 4357 5040 2156
1110 1111 1112 170 171 172 1117 1118 41 557 20 1093 70 1119 1120
3847 2897 2898 1616 1617 1904 2130 5319 4634 4506 1772 5453 63 108 2031 2032 19 20 387 1140 1065 2068
738 544 739 740 741 742 743 744 745 746 747 748 749 750 751 4837 301 752 753 754 136 755 756 757 758
3353 3165 1526 565 6130 4461 6131 273 3614 3902 2115 3416 3417 1333 948 41 669 1123 1124 19 136 2206 2905 2906 2905
4451 6047 1893 293 379 3963 2016 2017 2961 41 64 88 89 1336 111 137 390 4996 4087
719 6138 6139 525 943 6142 1491 1492 1493 299 4238 87 471 1225 1259 111 1704 6086 2396 46
3562 2985 1125 1616 1617 1904 2710 2724 6148 60 2408 1257 41 176 1138 2260 135 20 1044 2713 4244
3847 2897 2898 1127 779 1128 315 4578 595 1774 3471 5620 535 235 3552 3553 1027 136 1044 4656 4817 2108
6153 6154 6155 2762 2763 2764 1184 2690 2691 912 1587 2598 2005 5080 649 2430 87 20 2500 2538 938 4969
4401 1297 5860 5423 3215 1131 3556 593 380 5159 3101 87 196 3890 3891 19 111 2244 716 5571 811
852 853 854 855 856 857 859 860 861 862 863 864 1782 1783 1784 4988 4540 87 669 670 671 135 111 867 868 869 436
4003 4004 4005 1353 248 2159 3711 5673 2041 1175 1176 41 235 2084 4014 199 68 735 3946 902 2246
415 416 417 5455 5456 2746 102 5721 3254 3643 2081 1607 3657 573 3156 535 108 733 5621 810 1641 3075 1309
1526 1527 1528 953 249 1878 2586 2403 3751 3358 2864 468 3376 2288 41 64 1446 1447 111 1337 5809 962 1902
1452 5796 6174 5820 5821 5822 249 2252 4075 4076 4077 173 174 2190 108 1334 1335 1336 91 68 264 5225 5857
141 142 143 4309 5419 2512 41 176 2243 1210 67 91 1448 2316 3595 1926
288 289 5743 5744 5646 249 3151 6084 1708 5693 5694 5695 3442 1854 2030 5753 41 196 216 847 754 136 371 5632 3688 1402
3353 3165 1526 1517 2831 2832 207 4737 4738 4739 382 2725 87 108 2260 6187 283 20 1044 4496 2086 2467
1821 1822 1823 1164 927 2181 1584 3257 2343 3106 3107 41 235 2084 4014 557 20 136 3283 308 5707
3 309 3111 3272 3273 3066 3275 3276 3277 2940 3278 3279 3280 131 3281 41 669 670 671 136 21 488 3283 2088
4272 2746 2747 79 1878 2594 5096 957 426 958 5097 515 87 386 111 1212 5099 5100 5101
2854 2855 2856 4297 4383 3458 6142 34 4012 4013 991 1151 2190 471 1428 4890 68 2771 3429 828
1125 1126 1127 779 1128 207 1129 1130 1131 1132 1133 769 1134 1135 41 176 1137 1138 135 68 305 1139 539 1140
288 289 2137 2138 2139 782 5705 1035 837 990 991 992 1318 535 301 651 3427 1336 2729 22
1543 1434 643 4149 5441 457 2159 628 5883 1052 4920 4361 4921 1909 2601 63 108 2260 6187 67 68 433 2708 6198 181
6200 3320 2089 2007 4736 3611 955 5243 2902 1511 3551 41 235 3763 4353 350 20 159 829 3783
355 356 357 3389 3597 2622 3202 1554 5188 2753 4284 748 4285 633 63 235 2378 2379 810 111 848 5414 4305 3568
376 4397 4398 207 1905 3008 81 1472 593 594 401 2607 4399 1122 4942 63 407 960 1027 20 637 2984 4400 2842
1655 625 1656 676 3571 3572 1657 1658 1659 404 1663 535 64 498 1380 238 91 449 1213 1665 1666
1218 1264 1265 4935 4586 4936 927 2318 2319 2320 4937 4938 4939 1132 2519 2083 750 4940 301 2335 217 136 68 4796 4941 5316
5237 6213 1695 1534 3648 3442 298 1008 1009 41 176 1137 1138 19 91 2610 5662 1382 2356
2022 676 677 678 2439 2025 529 2027 2028 2029 1224 2030 87 108 2031 2032 135 111 1277 354 2033 2034
1478 50 51 3387 3388 3389 3458 123 836 4835 897 898 899 3733 4836 87 669 2806 3672 2770 91 3143 4838 4839 4840
1342 55 56 57 1122 771 63 669 1123 1124 67 68 69 70 71 72
1141 658 5376 5377 2482 5945 1098 4180 913 711 3450 2488 535 64 88 5098 1027 68 1212 4078 2302 6231
288 289 374 375 376 1997 377 378 379 380 381 383 107 63 42 384 385 136 387 388 389 390
141 142 143 722 723 724 2159 150 6234 3713 6236 5529 4880 2928 3053 63 108 1900 6239 19 91 1430 2712 4207 1666
1141 1927 1928 2732 2733 2734 2482 3554 4613 4614 711 3204 882 2885 41 108 1626 1627 672 91 1155 520 6198
3175 3176 1199 1200 1201 740 2226 2392 2393 3181 60 1315 1257 2851 63 301 3182 3183 754 68 112 2223 2785 3086
4530 4531 476 5234 1388 548 2427 6236 210 4722 3492 2651 535 108 1900 6239 68 3143 5892 285 520
3847 2897 2918 2919 2920 4166 1878 2586 2509 2598 2949 4120 933 934 108 733 734 45 68 69 1562 4056 2641
562 563 564 4895 4467 1914 1354 4169 609 1345 946 5104 2524 367 87 669 1123 1804 1336 136 997 4518 4519 4817
2653 2654 2655 421 5944 5945 5946 2081 1607 3657 2258 4063 41 90 136 1522 4500 2984 4400
309 310 3230 1456 2092 3346 3347 5700 1205 1206 573 3686 63 176 1873 2335 68 2759 2744 93
1384 1385 506 507 1904 5350 5351 5352 5353 5354 4513 4847 5355 383 5425 63 301 651 652 410 91 20 95 5357 5344
675 2811 676 677 678 250 251 252 680 681 682 5019 41 407 685 686 304 687 688 689
1749 2562 2563 2762 2763 2764 2765 461 462 2766 2767 2333 444 948 949 535 108 1900 2769 1259 111 2771 737 2772 1404
1821 1822 1823 1127 779 1128 1904 3216 3217 3218 2667 1899 63 176 1137 959 20 91 46 2842 23
415 416 417 677 835 5231 3554 1072 2395 1854 5595 1317 445 63 42 575 1703 370 111 3143 1761 794 4078
6060 6061 6062 1248 1269 1755 3134 2787 821 822 823 1378 4951 41 407 2782 2783 67 4605 885 3454
2022 2023 2024 2137 2138 2139 227 4754 3714 6270 6148 1444 2242 41 471 472 2119 67 91 2841 5282 5448
1199 1200 1201 1504 6078 6079 6080 3884 6274 6275 993 2362 535 108 2204 2232 370 68 1992 999 1795 3517
1384 1385 1386 908 909 188 293 2415 4492 4493 495 3014 1999 535 407 516 517 386 111 1704 6278 3046 3022
415 416 417 418 419 420 421 422 423 424 425 426 427 428 429 87 64 431 432 158 20 433 434 435 436
675 2811 2194 2195 2196 910 250 743 3152 947 1416 4929 41 471 4256 4257 386 68 1062 5155 1467 851
1352 1353 1354 8 2899 944 974 1358 1359 1360 1361 1362 1363 1364 87 301 1365 1366 91 68 1367 1108 1810
4225 2505 1282 456 1283 1269 4492 4493 495 3471 6029 63 42 1105 1306 90 136 538 3103 3370 3352
4272 2746 2747 79 1878 2594 5096 957 426 958 5097 515 87 64 88 5098 386 111 1212 5099 5100 5101
3312 26 27 5640 6286 2997 1284 3358 5262 1314 4482 4483 1151 1152 41 407 2782 4882 45 20 2120 705 3386 4078
2480 3852 1163 6021 1219 4966 3070 2517 2359 1724 699 1816 4923 535 176 2243 1210 754 136 2619 6291 5009 4331
1452 1453 1454 2762 2763 2764 2570 2922 1221 1222 572 2343 106 5425 176 1137 1138 91 2045 4894 1810
5533 5534 6295 5232 4492 3715 5059 4342 301 651 3427 20 3325 1140 1958 5101
2070 3651 5318 3653 5 3654 782 3655 3656 2899 2081 1607 3657 2345 1135 18 301 651 3427 158 68 997 3483 673 3658
355 356 357 358 359 360 361 362 363 364 365 366 3950 367 368 63 1336 91 371 372 95 373
2993 833 5764 2350 2351 2352 927 4783 4784 4785 2758 41 108 1334 1335 557 111 1212 3085 2786 4374
583 355 5640 6286 2997 943 3987 6234 4118 1255 1898 573 1856 63 235 598 599 386 136 2853 4191 3316 4797
309 310 3213 1408 3781 459 3619 3620 3621 1947 1948 4722 3492 3803 649 2053 41 176 215 1539 67 68 2491 3445 1139 3406
1500 4186 2662 3779 1518 2998 3574 4589 947 4722 5080 4646 63 196 197 261 283 91 112 95 4233
288 289 4184 2732 2733 2734 102 5973 5683 711 469 5001 87 669 3195 3679 774 136 600 2905 354 1844
658 659 660 2570 2462 127 594 4687 1006 1007 3101 1224 87 669 3195 19 68 1874 6291 5009 1179
4690 562 1432 676 677 678 1284 5421 5422 4545 1537 1151 63 301 2335 2388 283 136 558 2291 241
141 142 143 815 816 817 927 2216 1708 944 1948 1056 1057 1058 131 3762 41 42 133 3798 672 111 371 3025 1028
3757 2654 2482 3050 3051 3052 106 3014 87 176 1745 498 158 68 2841 451 452 2830
1066 1067 2529 1732 2530 2570 2710 711 1650 2893 535 64 65 3873 370 20 2759 5892
1 2 3 394 658 740 1737 1738 2692 2851 2345 175 301 1025 1026 68 1062 5689 220
3064 3065 2654 3245 312 5955 1220 2623 4215 1103 5060 18 199 111 20 3777 3932 6055
453 454 455 1836 4991 5471 79 3749 1490 2050 1286 1287 4581 731 3117 63 407 1611 1612 557 91 137 1911 5515 621
641 642 643 644 645 646 647 6346 4537 648 59 60 649 650 63 301 651 652 19 111 653 654 655 4672
3736 1406 1352 3035 5943 4711 271 439 1609 2982 41 407 685 3211 386 136 1337 5178 3454 2931
719 6138 6139 2137 2138 2139 2570 6356 4638 5614 4011 6357 6358 4232 4118 3106 4494 41 108 1900 6239 2579 68 600 2561 3391 2842
6200 2945 1470 493 1471 102 709 56 710 1472 1473 1474 1475 1206 5401 916 917 63 301 486 487 774 20 578 903 1321 1295
6174 1982 247 4885 927 3613 6363 2865 2827 63 407 960 1276 45 111 2771 1615 2521 1194
5501 4736 190 3162 322 3258 63 669 2806 3672 1901 68 239 4396 1542 4660
719 720 721 3597 438 5058 3374 1854 1650 2893 18 235 281 282 1336 20 2841 5570 4112 3046
288 3165 2907 5777 1408 1695 4292 836 3936 1188 1189 1190 3814 650 175 64 431 1484 20 653 241 1843 2033
6153 6154 6155 1981 3166 3167 293 56 5348 2627 5601 383 16 87 196 197 261 1027 20 2491 4223 4358 5317
1125 1126 2622 3958 5826 3368 132 87 471 3513 1336 91 1212 1705 3960 938
3767 3111 4854 4855 4856 102 2787 2483 682 426 279 5039 87 301 752 3923 1259 2965 5180 1877
288 289 2249 2250 2251 2570 2551 2788 4469 880 429 1922 42 575 1703 3515 136 3186 674 3238 5454
3353 3165 1526 6396 3910 1515 565 6130 4461 6131 273 3614 3902 2115 3416 3417 1333 948 41 669 1123 1124 19 136 2206 2905 2906 2905
1159 1160 1161 676 677 678 508 4155 1931 4156 3193 3194 4157 156 1240 87 235 598 599 217 91 284 4159 1975 2450
776 777 778 779 780 781 782 783 784 785 786 787 788 789 790 63 196 216 791 111 20 792 793 794
5055 3968 3113 2050 150 1172 1173 1174 2725 6400 407 960 1276 19 68 111 2088 308 2380
288 289 1455 1456 1457 943 1565 1566 3050 3051 3052 934 4342 196 536 537 754 68 3102 3650 2086 1707
1845 1846 1847 2194 2195 2196 943 1050 1051 2522 2328 2329 2330 1508 1509 2523 2524 367 87 42 1010 1639 45 91 262 2525 4335 794
3757 2654 2529 1732 2530 4551 4552 3436 3181 60 1315 2353 132 18 67 91 558 1278 4553 2808
922 923 562 2037 2038 3998 1424 680 681 682 2334 824 63 471 178 2054 135 68 2828 3827 2906 1762
1763 1764 1765 1798 3056 1071 3773 3986 648 4118 1255 535 301 752 753 135 91 538 4950 3316 1338
1821 1822 1823 585 477 2996 249 5314 2572 2573 2314 1899 883 18 45 136 284 1576 1108
1643 2 1644 1127 779 1128 565 1645 1646 1647 1648 1649 1591 87 669 1520 3515 111 620 1652 1653 1654
96 97 98 1127 779 1128 3773 3221 1317 1318 18 471 1291 1292 199 68 1830 5283 540 93
1763 1764 1765 6 3633 5705 985 3703 750 4940 87 20 518 4732 4631
1384 1385 1386 1127 779 1128 1388 548 4268 930 931 932 1537 1538 87 235 2378 2379 135 91 2853 5101 1120
3 309 3111 476 586 587 293 1619 3692 2720 1660 1661 1662 3638 2190 235 2378 2379 774 136 2619 4400 47 1514
887 888 889 1162 1163 1164 5682 4513 6052 1758 5123 3471 6029 87 235 636 1886 199 68 997 1064 1888 3352
675 2811 2506 2507 1070 2937 1422 294 295 5047 2230 2231 1725 2973 87 471 2963 2964 90 20 2610 488 3283 3095
3518 506 507 459 2989 2990 2064 5149 3471 4621 87 471 2963 2964 91 2759 3385 2122
1340 719 1341 1127 779 1128 293 5587 3841 5588 343 3059 2029 1701 1702 87 108 2260 6187 135 111 2206 4664 2603
1927 4520 4521 2844 6108 943 6112 2531 1990 4314 4315 4062 4063 41 108 1857 1858 68 5092 2002 3560
1066 1067 246 4402 3262 4425 2039 363 3401 5693 5694 5417 698 1442 1443 2628 87 176 2243 1210 45 20 848 3981 3465
2434 2435 2436 6295 1996 873 4596 1708 944 6072 6073 5542 4922 4053 63 108 1626 1627 370 111 91 5194 4031
2070 3651 5318 3653 5 3654 782 3655 3656 2899 2081 1607 3657 1103 5060 18 301 651 3427 158 68 997 3483 4305 3095
184 266 267 293 1298 1299 190 3714 6270 2428 2668 40 63 64 2698 2991 68 2126 3893 4893
3816 3817 3818 5691 2293 5173 377 5894 3080 1508 1509 1122 2323 87 471 825 826 557 20 1522 3734 2829 2620
3757 2654 1470 102 3507 5610 5813 63 471 4256 4257 90 91 1992 2169 4894 1109
4636 922 658 659 660 102 426 4161 2275 2334 4140 87 196 197 261 90 20 2841 2034 4366 2867
3757 2654 5749 4815 3598 2981 1414 1443 1317 5247 535 471 178 950 386 91 2491 4472 1960 3680
4064 922 923 5076 3098 5291 5760 3099 4012 4013 991 4615 4616 41 754 20 2000 3075 138 24
5237 6213 2037 2038 893 4533 364 1944 6346 6113 4589 711 3450 5019 3173 63 42 384 385 68 2244 1653 5229 3729
3720 3721 3722 3723 3724 3725 893 3301 3726 2749 1148 1149 1150 1701 3727 87 64 1446 386 20 2500 3728 3729 2905
1845 2279 2280 76 77 78 3030 251 1146 1147 1038 1039 1606 1607 1008 1009 63 471 2963 2964 672 111 2432 6231 2033 3045
852 853 854 855 856 857 1781 859 860 861 862 863 864 1782 1783 1784 865 866 669 670 671 135 111 867 868 869 436
1217 1656 4633 101 1490 4634 4635 5512 5513 5514 1650 18 42 1105 1106 283 91 2126 388 1951 2744
293 4588 5460 2297 2408 41 235 1192 1193 283 68 755 4617 1486 2316
2515 3320 2089 3321 2937 592 593 594 3314 1255 3315 649 2053 108 1334 68 3102 2493 3815 3904
184 185 186 3455 3456 3457 1284 250 3459 3460 3461 1092 3462 156 1240 108 995 3463 557 20 3464 240 3465 1747
288 5034 5035 658 659 660 3123 2197 2705 912 2027 2028 5866 87 64 2220 45 91 2759 1228 2355 4464
643 1544 1545 291 508 1546 1547 1506 87 196 536 537 68 1241 1548 1549 1542
1927 1821 676 677 1850 694 1507 595 1101 6059 1743 2154 41 64 2698 2991 68 3325 4732 5454 71
1159 4224 5318 738 943 2140 2141 2142 1737 1738 2692 1148 1149 1150 4509 1134 535 196 536 2547 199 502 1028 4519
221 222 223 4185 6093 207 251 1146 1147 401 2607 2725 6400 175 301 302 303 135 20 137 2604 2020 2621
2880 2881 2037 2038 1695 228 229 3243 4827 4906 4907 3257 2343 3492 1828 3350 63 471 472 672 111 3754 4708 3269 2409
244 391 392 2037 2038 3327 6363 1724 2360 3402 4646 4892 535 235 598 599 68 1277 2830 756 1229
6153 6154 6155 782 5650 5651 4188 2860 2861 2862 4785 5177 3471 87 64 323 5992 67 136 2841 4511 1279 3428
795 796 815 816 817 1354 3813 2903 131 3281 87 407 516 517 217 68 91 3681 1820 2914
719 720 721 2732 2733 2734 2551 2788 912 6023 6024 6025 2973 42 3377 3378 20 411 4356 4357 6278
96 97 4006 4007 4008 893 4815 4816 4824 592 593 594 276 3837 4994 63 176 215 1539 304 20 518 2349 3517 4154
1141 1142 1143 4039 1953 873 1355 1356 1357 4509 2566 535 108 109 110 810 68 305 656 2867 3839
719 6138 6139 2137 2138 2139 102 6356 4638 5614 4011 6357 6358 4232 1758 5123 3106 4494 41 108 1900 6239 2579 68 600 2561 3391 2842
3130 3632 625 119 120 121 5091 1742 156 2827 63 64 498 499 20 1704 264 2810 792
392 526 360 1460 2231 699 3171 683 5294 42 348 349 304 91 1593 3474 2820 2056
1564 455 2583 2584 2585 910 1878 2586 2509 2587 2588 2589 2590 2591 18 64 1446 1447 68 112 2207 2208 4024
1218 1264 1265 969 4461 4871 4872 1554 1988 4118 1255 1898 1712 5275 18 235 2084 4014 68 305 2621 5726 962
922 923 562 6396 491 909 2622 5913 1878 1990 4314 4315 213 214 535 669 670 671 136 2000 4950 3688
5544 357 908 4113 207 3635 2213 2214 63 42 3377 3378 577 20 1830 5857 4073 5282
2515 2137 2138 2139 5173 1050 1051 2522 5774 62 4647 2190 669 4439 386 91 2491 4400 2291 3494
1655 625 1656 676 677 678 1657 1658 1659 1660 1661 1662 404 1663 535 64 498 1380 410 91 449 1213 1665 1666
905 906 907 187 188 189 147 741 742 743 711 3204 533 3403 41 301 651 3427 283 136 848 884 46
2398 1564 2399 1580 1581 1582 608 231 130 5596 1117 87 196 3890 5378 1027 111 136 183 2906 5155
25 3769 3770 3654 874 875 876 4955 4956 2408 1257 41 176 1138 2260 1027 111 1062 5687 640
355 356 357 358 359 360 4480 362 363 364 365 366 3950 63 1336 91 371 372 95
562 563 564 2294 4435 661 56 57 1490 4214 382 233 5008 535 669 1573 1574 68 449 2683 3860 3290
1597 1598 1599 1181 1182 1183 1284 5372 5373 5374 1737 3615 131 470 41 301 3182 370 136 2771 1523 963 1911
719 720 721 1731 5339 3224 927 3714 6270 2428 2740 3939 535 108 2260 6004 67 68 4054 4500 5605 3541
1218 2035 2036 1370 1371 121 694 1372 1373 1374 1375 1376 1377 1378 4951 87 64 498 1380 672 136 411 1381 1382 1383
437 1578 1579 5240 2074 460 3884 6274 6275 573 1856 87 64 1399 2449 283 136 262 6092 3567 5256
