44 108 855 966 
7 393 
310 621 907 956 
320 616 643 795 
309 533 
23 242 
176 415 939 
17 908 995 
203 891 
18 105 880 
62 264 546 867 
210 426 436 488 
205 460 734 
429 563 
133 291 
118 142 325 559 
83 822 
81 626 
390 796 
349 817 
34 644 890 
303 387 
257 569 787 
198 814 
78 697 730 
534 781 874 
77 537 999 
20 898 
97 458 808 944 
85 340 398 691 
84 144 705 925 
3 61 807 878 
19 127 759 
275 496 
76 111 395 900 
6 80 189 732 
457 940 
32 482 922 
117 399 600 
236 269 
91 477 526 
191 784 801 
38 454 786 847 
120 174 192 249 
231 727 763 
848 934 
514 645 877 
148 574 
184 195 986 
98 812 873 991 
270 381 612 
154 299 491 
304 748 
636 704 
610 619 674 
190 288 682 
338 693 
2 267 501 
47 346 481 
259 864 
284 523 658 970 
499 543 
129 302 364 876 
566 819 865 902 
298 596 
40 301 672 936 
139 449 624 
187 690 797 
293 378 841 
72 681 832 
207 295 317 788 
329 438 760 
15 425 518 
234 344 722 
150 183 607 
524 565 756 
376 389 608 885 
60 430 577 845 
490 528 976 
319 964 
4 669 729 794 
66 388 
104 654 777 
924 983 
70 720 
29 568 707 
553 749 827 971 
45 137 692 
173 605 717 
90 972 
128 140 182 638 
336 484 570 803 
246 326 883 
385 456 618 935 
202 296 751 806 
307 363 446 715 
428 475 535 872 
633 653 889 
421 474 590 960 
